experiments/testB_ganges-brahmaputra/LFP/elevation_ASC.asc
ncols        400
nrows        600
xllcorner    89.000000000000
yllcorner    21.000000000005
cellsize     0.005000000000
NODATA_value  -9999
[rows 182 to 207 of 600, columns 58 to 115 of 400]
5.3299999237060546875 4.7259998321533203125 4.5279998779296875 8 6.659999847412109375 9 9 8 7 8 9 5 5 8 9 11 12 6.3299999237060546875 10 2.0594000816345214844 1.9899337291717529297 10 3 3.2474999427795410156 3.4949998855590820312 3.7425000667572021484 4 1.9899834394454956055 1.9899889230728149414 9 4 5 5 8 6 4.4949998855590820312 5 4 3 1.9874789714813232422 3.4949998855590820312 1.9887394905090332031 4.4949998855590820312 4 4 1.9824370145797729492 1.9811764955520629883 4 4.4949998855590820312 4.4949998855590820312 4.7424998283386230469 4 5 8 4.7071428298950195312 4.5657143592834472656 4.80437469482421875 4.6187496185302734375
5.659999847412109375 7 4.5939998626708984375 6 6.4949998855590820312 8 9 10 5 4.659999847412109375 6 4.7424998283386230469 4.4949998855590820312 4.2474999427795410156 6 9 11 6.2199997901916503906 8 2.0395998954772949219 1.989928126335144043 5.4949998855590820312 10 6 4 4.4949998855590820312 4.4949998855590820312 6 6 8 4.4949998855590820312 5 8 7 4 4 5 3.4949998855590820312 1.9879832267761230469 1.9877310991287231445 3 3 4 6.4949998855590820312 6 6 8 1.9802941083908081055 4 4.2474999427795410156 4 3 5.4949998855590820312 7 7 4.7071428298950195312 4.424285888671875 4.659999847412109375
8 10 4.6929998397827148438 4.659999847412109375 8 8 6.4949998855590820312 9 8 4.3299999237060546875 4.4949998855590820312 4 1.9899904727935791016 4 5.4949998855590820312 9 6.1100001335144042969 11 11 2.0197999477386474609 1.989922642707824707 5 9 7 6.4949998855590820312 5 6 7 9 8 7 8 8 6 3 3 4 4 3 1.9882352352142333984 3 3.1237499713897705078 4 5 4 3.1979999542236328125 3 1.9794117212295532227 1.9785294532775878906 7 4 4.1979999542236328125 6 4.5939998626708984375 4.79199981689453125 4.5657138824462890625 4.6364283561706542969 4.2828569412231445312
11 11 4.79199981689453125 4.7259998321533203125 4.923999786376953125 8 6 5 6 6 4 3 4 1.9899809360504150391 5 9.4949998855590820312 6 10 11 2 1.9899171590805053711 3 8.74250030517578125 9 8 8.4949998855590820312 9 9 5.4949998855590820312 8 9 7 5 3.4949998855590820312 4 2 4 4 3.4949998855590820312 1.9884873628616333008 3.3712499141693115234 3.2474999427795410156 4 3.7920000553131103516 3.5939998626708984375 3.395999908447265625 3 8 4.2474999427795410156 1.9776470661163330078 9 7 4.395999908447265625 6 6 6.4949998855590820312 5 5
10 9 4.8909997940063476562 4.79199981689453125 4.8579998016357421875 4.659999847412109375 5 4.4949998855590820312 8 5 5 4 4.4949998855590820312 4 1.9899713993072509766 1.9899618625640869141 1.9899523258209228516 5 10 8 1.9899115562438964844 1.9899767637252807617 8.4949998855590820312 10 9 9 6 6 6 5 8 7 5 5 4 1.9897478818893432617 1.9894957542419433594 4 1.9887394905090332031 3 3.4949998855590820312 4.4949998855590820312 5 3.79199981689453125 3.4949998855590820312 3.2474999427795410156 5 4.7424998283386230469 4.4949998855590820312 4 1.976764678955078125 4 4 4.395999908447265625 7 9 8 6
5 5.4949998855590820312 4.7424998283386230469 4.8662500381469726562 4.7699999809265136719 4.5499997138977050781 4.3299999237060546875 4 6 6 4.8662500381469726562 4.7424998283386230469 4.6187496185302734375 4.371250152587890625 4.2474999427795410156 4.1237497329711914062 1.9899427890777587891 1.9899332523345947266 3 9 1.9899060726165771484 1.9899767637252807617 8.2474994659423828125 8 6 5 3.5939998626708984375 3.7920000553131103516 7 4.4949998855590820312 7 7.4949998855590820312 7 4.3299999237060546875 4 4 3 1.9892437458038330078 1.9889916181564331055 4 3.6187500953674316406 6 6 3.8250000476837158203 3.7425000667572021484 4 4 3.4949998855590820312 3 1.9758822917938232422 8 3.4949998855590820312 4.1979999542236328125 4.5939998626708984375 4.79199981689453125 6 8 8
4.371250152587890625 4.4949998855590820312 4.6187496185302734375 4.7424998283386230469 4.7424998283386230469 4.4949998855590820312 4.2474999427795410156 4 5 7 6 4.8662500381469726562 4.5568747520446777344 4.3403120040893554688 3 5 4 1.9899322986602783203 1.9899237155914306641 6 1.9899005889892578125 1.9899536371231079102 8 8 5 4 3.395999908447265625 4 4 4 6.4949998855590820312 6 6 4.659999847412109375 6 5 4 3 3 4 3.7425000667572021484 3.8662500381469726562 5 6 3.6600000858306884766 4 3.3299999237060546875 3.1649999618530273438 3 1.9750000238418579102 7 3.2474999427795410156 3.4949998855590820312 3.7425000667572021484 4 4.79199981689453125 4.5939998626708984375 4.395999908447265625
5 8 7 6 6 5 4.4949998855590820312 4 1.9899924993515014648 4 7 4.7734375 3 1.989954829216003418 1.9899473190307617188 1.9899398088455200195 1.9899407625198364258 9 1.9899152517318725586 1.9899067878723144531 1.9898949861526489258 1.9899303913116455078 10 8 5.4949998855590820312 3.1979999542236328125 7 8 3.4949998855590820312 3.7425000667572021484 5 5 4.659999847412109375 4.659999847412109375 7 4 4 4 4 4 4 5 8 8 4 3.4949998855590820312 3.4949998855590820312 3.2474999427795410156 5 1.9741176366806030273 3 3.4949998855590820312 2.6600000858306884766 3 3.4949998855590820312 4.4949998855590820312 4 4.1979999542236328125
4 5 6 7 7 9 7 6 6 1.9899849891662597656 6 1.9899699687957763672 1.9899623394012451172 8 5 9 8 1.9899492263793945312 8 1.9898983240127563477 1.9898895025253295898 1.9899072647094726562 9 6 5 3 6 3 3.2474999427795410156 3 5 5 4.3299999237060546875 4 7 4.4949998855590820312 4.4949998855590820312 7 6 6 7 8 7 4 3.7425000667572021484 3.7699999809265136719 3.5499999523162841797 3.3299999237060546875 6 1.9732352495193481445 2 2.3299999237060546875 2.659999847412109375 3 3.8662500381469726562 3.923999786376953125 3.8909997940063476562 3.6600000858306884766
4 4.3299999237060546875 4.659999847412109375 6 5.4949998855590820312 5.4949998855590820312 5 4.4949998855590820312 6.4949998855590820312 6 1.9899774789810180664 3 4 5 5.4949998855590820312 8 9 8 1.9899576902389526367 1.9898898601531982422 8 1.9898840188980102539 7 8 2.8250000476837158203 7 4.659999847412109375 2.8524999618530273438 4 4 4.659999847412109375 6 7 3.8250000476837158203 7 7 8 7 4.4949998855590820312 3.4949998855590820312 3.6600000858306884766 6 5 3.4949998855590820312 4 3.6600000858306884766 3.4949998855590820312 3.1649999618530273438 3 1.9723528623580932617 4 4.4949998855590820312 4 3.7424998283386230469 3.9240000247955322266 3.9240000247955322266 3.8579998016357421875 3.659999847412109375
6.4949998855590820312 5.2474999427795410156 6 5.4949998855590820312 6 5 6 4 7 6 6 4.4949998855590820312 5 5.3299999237060546875 9 9 9 5 1.9899661540985107422 10 1.9898813962936401367 1.9898784160614013672 8 10 2.6600000858306884766 6 4.3299999237060546875 2.7149999141693115234 4 4.3299999237060546875 8 9.4949998855590820312 7 3.6600000858306884766 6 9 6 3.7424998283386230469 4 3 3.3299999237060546875 3 3 2.6600000858306884766 2.8250000476837158203 3.8250000476837158203 4 6 6.4949998855590820312 6 1.9714705944061279297 4 3.6187498569488525391 3.7425000667572021484 4 3.8580000400543212891 3.79199981689453125 3.6600000858306884766
4 5 5.4949998855590820312 6 5 3 1.9899997711181640625 1.9899995326995849609 5 3.7425000667572021484 3.4949998855590820312 5 6 5.659999847412109375 6 9.4949998855590820312 9 5.4949998855590820312 1.9899746179580688477 9 10 1.9898729324340820312 10 10 2.4949998855590820312 4 2.5774998664855957031 6 6.2474999427795410156 8 6 9 9 3.4949998855590820312 9 7 4 3.4949998855590820312 3.7425000667572021484 2.4949998855590820312 3 2.4949998855590820312 2.4949998855590820312 3 3.4949998855590820312 3.7425000667572021484 6 6.659999847412109375 6.3299999237060546875 7 1.9705882072448730469 1.9697058200836181641 3.2474999427795410156 3.4949998855590820312 4 4 3.7259998321533203125 3.3299999237060546875
1.9899995326995849609 6 5.7424998283386230469 4.4949998855590820312 4 1.9899997711181640625 1.9899997711181640625 3 1.9899994134902954102 5 4 3.2474999427795410156 3.4949998855590820312 4 4 8 9 1.9899830818176269531 7 10 9.4949998855590820312 10 1.9898644685745239258 9 2.3299999237060546875 2.3025000095367431641 2.4400000572204589844 10 6.4949998855590820312 6.7424998283386230469 6.6187496185302734375 9 6 3.3299999237060546875 9 10.494999885559082031 8 3.2474999427795410156 3 2 2 3 2.3299999237060546875 3.4949998855590820312 3.4949998855590820312 5 7 8 4 2.3299999237060546875 2.1649999618530273438 2 1.968823552131652832 3 4 3.4949998855590820312 3.5939998626708984375 3.659999847412109375
1.9899995326995849609 1.9899994134902954102 6 4 4 3.4949998855590820312 1.9899997711181640625 4 3 1.989998936653137207 4 4 3 3 1.9899927377700805664 1.9899927377700805664 1.9899915456771850586 1.9899915456771850586 5 9 10 9 7.3299999237060546875 1.9898560047149658203 2 2.1649999618530273438 9 10.494999885559082031 9 8 7.659999847412109375 7.3299999237060546875 7 3.1649999618530273438 10 9 10 10 7 1.9899671077728271484 2 2.1649999618530273438 3 3.2474999427795410156 5 5 5 3 2.4949998855590820312 3 3 5 3 1.9679411649703979492 3 3.7920000553131103516 3.395999908447265625 3.1979999542236328125
4 5 1.9899994134902954102 1.9899992942810058594 3 4.659999847412109375 4.3299999237060546875 3.4949998855590820312 3 1.989998936653137207 1.9899979829788208008 1.9899969100952148438 1.9899958372116088867 1.9899947643280029297 1.9899927377700805664 1.9899927377700805664 2 8 2.7425000667572021484 9.4949998855590820312 10 8 7.1649999618530273438 7 1.9898475408554077148 12 10 10.329999923706054688 10.659999847412109375 11 10 10 10 8 3 8 9 9 7 1.989934086799621582 1.9899671077728271484 5 5 4 3 4 3 2.8250000476837158203 2.6600000858306884766 3.4949998855590820312 3.4949998855590820312 3.4949998855590820312 4 6 1.9670587778091430664 4 3.4949998855590820312 3
1.9899996519088745117 4 5 1.9899991750717163086 4 3 4 3 3 1.9899982213973999023 3 3.4949998855590820312 3 3 1.9899933338165283203 4 2.2474999427795410156 2.4949998855590820312 2.7425000667572021484 7 8.4949998855590820312 7.4949998855590820312 7.659999847412109375 11 10 1.9898390769958496094 12 12 12 11 11 10 1.9897797107696533203 1.9897712469100952148 1.9897627830505371094 7 8 8 5 1.9899011850357055664 7 9 5 2.7071428298950195312 2.8485713005065917969 3 2.9334285259246826172 3 3.4949998855590820312 3.2474999427795410156 2.7425000667572021484 2.7425000667572021484 2.4949998855590820312 3 1.9661763906478881836 5 4 6
5 1.9899997711181640625 4 1.9899990558624267578 1.9899990558624267578 1.989998936653137207 1.9899988174438476562 1.9899982213973999023 1.9899976253509521484 1.9899970293045043945 1.9899964332580566406 1.9899957180023193359 1.989995121955871582 1.9899945259094238281 1.9899939298629760742 4 1.9899990558624267578 7 9 11 8 7.8249998092651367188 8.79199981689453125 8.5939998626708984375 11 9 1.9898306131362915039 1.9898221492767333984 1.989813685417175293 1.9898052215576171875 1.989796757698059082 1.9897882938385009766 9 10 7 1.9897543191909790039 6 7 4.4949998855590820312 1.9898682832717895508 3.6600000858306884766 2.4242856502532958984 2.5657143592834472656 2.7071428298950195312 2.8485715389251708984 3 2.8768572807312011719 3.7425000667572021484 3.4949998855590820312 3.4949998855590820312 3 2.4949998855590820312 2.2474999427795410156 2 1.9652941226959228516 4 4 1.9643764495849609375
1.9899997711181640625 7 6 3 7 1.9899990558624267578 1.9899994134902954102 3 3 1.9899970293045043945 3 5 1.9899952411651611328 1.9899952411651611328 1.9899952411651611328 1.9899985790252685547 1.9899990558624267578 1.9899995326995849609 1.9899995326995849609 9.4949998855590820312 9 8 8.79199981689453125 8.395999908447265625 8.1979999542236328125 9 3 1.9898214340209960938 8 10 11 11 10 11 9 11 1.9897458553314208984 5 4 1.9898352622985839844 3.3299999237060546875 2.2828571796417236328 6 4 4.4949998855590820312 2.820285797119140625 2.9051427841186523438 2.8662500381469726562 2.7699999809265136719 3 2.5499999523162841797 4 3 1.9644117355346679688 4 3 1.9632117748260498047 1.9637941122055053711
1.9899998903274536133 7.4949998855590820312 7 5 7 6 1.9899994134902954102 1.9899994134902954102 3 4 6 6 1.9899959564208984375 1.9899959564208984375 3 1.9899982213973999023 1.9899990558624267578 1.9899995326995849609 5 8 6.659999847412109375 6.3299999237060546875 7.4949998855590820312 10 8.4949998855590820312 8 3.1649999618530273438 7 1.9898291826248168945 8 8.4949998855590820312 9 11 11 9.1979999542236328125 9.395999908447265625 11 1.989737391471862793 3 1.9898023605346679688 3 2.1414284706115722656 3 7 7.4949998855590820312 2.7354285717010498047 3 2.8485713005065917969 2.7424998283386230469 2.6187498569488525391 2.4949998855590820312 2.3299999237060546875 2.1649999618530273438 1.9635293483734130859 3 1.9620471000671386719 1.9626294374465942383 4
5.3299999237060546875 5.659999847412109375 4.7424998283386230469 4.4949998855590820312 4.2474999427795410156 4 4.1649999618530273438 4 3 5 5 3.4949998855590820312 3 1.9899965524673461914 1.9899965524673461914 1.9899977445602416992 1.9899990558624267578 1.9899990558624267578 7 7 8 10 6 7 3.4949998855590820312 3.3299999237060546875 9 9 1.9898369312286376953 9 8 8 10 10 12 9.5939998626708984375 11 1.9897289276123046875 1.989720463752746582 1.9897694587707519531 2 3 4 7 2.5657143592834472656 2.6505715847015380859 2.7071428298950195312 3 2.8250000476837158203 2.6600000858306884766 3 5 2 1.9626469612121582031 4 1.9620471000671386719 7 3
7 8 5 4.8249998092651367188 4.659999847412109375 4.4949998855590820312 4.3299999237060546875 5 4 6 1.9899979829788208008 1.9899972677230834961 1.9899972677230834961 1.9899965524673461914 1.9899972677230834961 1.9899982213973999023 1.9899990558624267578 1.9899990558624267578 10 8 10 9 5 3.6600000858306884766 4 7 9 1.9898447990417480469 2 3 7 7.2474999427795410156 7.4949998855590820312 7.7424998283386230469 10 11 9.79199981689453125 11 1.9897119998931884766 1.9897364377975463867 2 2.1414284706115722656 2.2828571796417236328 2.4242856502532958984 5 4 3 2.9625000953674316406 3 2.7425000667572021484 2.4949998855590820312 2.2474999427795410156 2 1.9617646932601928711 1.9614647626876831055 6 3.6600000858306884766 5
6.4949998855590820312 7.4949998855590820312 7 8 7 6 6 6 4.3299999237060546875 7 2 1.9899979829788208008 2 3 1.9899979829788208008 1.9899985790252685547 1.9899985790252685547 6 7 9 7 6 3.8250000476837158203 3.4949998855590820312 3.2474999427795410156 3 1.9898602962493896484 1.9898525476455688477 4 4 7 8 8 8 8 10.494999885559082031 10 9 1.9897035360336303711 1.9897627830505371094 3 3.4949998855590820312 6 8 5 2.9074997901916503906 2.9349999427795410156 2.9625000953674316406 2.8662500381469726562 2.7424998283386230469 2.6187498569488525391 2.4949998855590820312 3 1.9608823060989379883 1.9608823060989379883 3 3.3299999237060546875 4
6 7 9 7 7 7 7 9 4.659999847412109375 7 1.9899985790252685547 3 3.4949998855590820312 3 1.9899979829788208008 1.9899985790252685547 4 5 7 9.4949998855590820312 9 4 3.7425000667572021484 4 3 1.98987579345703125 1.9898680448532104492 2 3 6 9 8.1649999618530273438 8.3299999237060546875 11 8.4949998855590820312 9 11 1.9896950721740722656 8 1.9898221492767333984 1.9898813962936401367 3 5 7 2.8799998760223388672 2.9074997901916503906 2.9349999427795410156 2.9625000953674316406 2.8250000476837158203 2.659999847412109375 2.4949998855590820312 2.1649999618530273438 2 4 1.9602999687194824219 2 2.3299999237060546875 2.6600000858306884766
3.6600000858306884766 4 4.4949998855590820312 6 6.3299999237060546875 6.659999847412109375 9 9 6 6 1.9899992942810058594 3.4949998855590820312 3.6600000858306884766 3.3299999237060546875 3 1.9899992942810058594 7 7 5.3299999237060546875 9 8 6 4.4949998855590820312 4 1.9898835420608520508 3 2 3 3.1979999542236328125 3.4619998931884765625 4 9 8.4949998855590820312 9 9 8.74250030517578125 11 1.9896866083145141602 9 8 1.9899407625198364258 2 6 8 2.8524999618530273438 2.9074997901916503906 2.9075000286102294922 3.4949998855590820312 3 2.6600000858306884766 2.4949998855590820312 2.3299999237060546875 2 1.9745676517486572266 1.9597176313400268555 6 4 3
4 5 6 7 9 8 7 6 9 6 4 4 3.6600000858306884766 3.3299999237060546875 3.4949998855590820312 1.9899992942810058594 7 8 5.659999847412109375 9 7 5 1.9898990392684936523 1.9898912906646728516 3 3 2.4949998855590820312 3.6929998397827148438 3.395999908447265625 3.7260000705718994141 4.4949998855590820312 9 9 8.659999847412109375 9 8.4949998855590820312 8.2474994659423828125 8 1.9896781444549560547 9 6 5 9 8 5 2.8249998092651367188 3 2.9075000286102294922 2.8250000476837158203 2.6600000858306884766 2.3299999237060546875 3 5 1.9591352939605712891 1.9591352939605712891 4 2.4949998855590820312 3
4 4.4949998855590820312 8 9 5.4949998855590820312 5 4.79199981689453125 4.79199981689453125 8 8 9 6 5 4 5 7 8.4949998855590820312 8 7 8 5 1.9899146556854248047 1.9899067878723144531 3 3.4949998855590820312 3.4949998855590820312 3 4 3.5939998626708984375 4 7 8 8.8249998092651367188 9.4949998855590820312 9 11 10 10 1.9896696805953979492 11 7 6 8 6.8249998092651367188 5.4949998855590820312 2.7424998283386230469 2.8250000476837158203 2.9075000286102294922 3.7424998283386230469 3.6187498569488525391 4 4 3 1.9585529565811157227 4 2 2.1649999618530273438 2.3299999237060546875
