experiments/testB_ganges-brahmaputra/LFP/elevation_ASC.asc
ncols        400
nrows        600
xllcorner    89.000000000000
yllcorner    21.000000000005
cellsize     0.005000000000
NODATA_value  -9999
[rows 104 to 129 of 600, columns 174 to 231 of 400]
10 4.5657138824462890625 4.5185713768005371094 4.4714283943176269531 4.4242854118347167969 9 7 10 7.659999847412109375 5.4949998855590820312 8 8 9 8 8 8.4949998855590820312 8.74250030517578125 10 12 12 13 12 10 9.395999908447265625 9.1979999542236328125 9 9 8 9.4949998855590820312 9 10.494999885559082031 10 10 9.4949998855590820312 8.659999847412109375 9.79199981689453125 9.7259998321533203125 9.4619998931884765625 8.74250030517578125 8.4949998855590820312 10 10 1.1956287622451782227 1.1956287622451782227 1.1778442859649658203 1.1778442859649658203 1.1778442859649658203 1.154131770133972168 1.154131770133972168 1.154131770133972168 1.154131770133972168 1.154131770133972168 1.154131770133972168 1.154131770133972168 1.154131770133972168 1.1422754526138305664 1.1422754526138305664 1.1363472938537597656
9 9 7.3299999237060546875 7 7 4.3771429061889648438 4.3299999237060546875 9 7.3299999237060546875 5 7 9 10 5.4949998855590820312 8 8.4949998855590820312 8.4949998855590820312 8.2474994659423828125 10 10 9.4949998855590820312 10 10.494999885559082031 10 11 10 11 9 10 11 12 12 11 11 9 8.3299999237060546875 10.494999885559082031 10.494999885559082031 11 9 10.329999923706054688 10.659999847412109375 10 1.154131770133972168 1.154131770133972168 1.154131770133972168 1.154131770133972168 1.154131770133972168 1.154131770133972168 1.154131770133972168 1.154131770133972168 1.154131770133972168 1.154131770133972168 1.154131770133972168 1.1482036113739013672 1.1422754526138305664 1.1422754526138305664 1.1363472938537597656
7 10 7.659999847412109375 9 9 8 7 4.2828569412231445312 7 7 4.659999847412109375 9 8.3299999237060546875 8 5 9 9.4949998855590820312 8 8 9 9.4949998855590820312 10.197999954223632812 10.395999908447265625 10.494999885559082031 10.79199981689453125 11 11.494999885559082031 9.3299999237060546875 9.659999847412109375 11.494999885559082031 12 11 9 8.4949998855590820312 8 11 11 10 10.494999885559082031 9.4949998855590820312 12 12 9 1.154131770133972168 1.154131770133972168 1.154131770133972168 1.154131770133972168 1.154131770133972168 1.154131770133972168 1.154131770133972168 1.154131770133972168 1.154131770133972168 1.154131770133972168 1.1482036113739013672 1.1422754526138305664 1.1422754526138305664 1.1363472938537597656 1.1304191350936889648
8 10 9 9 10 10 8 7 4.2357144355773925781 4.3299999237060546875 7 8 8.659999847412109375 8 4.7424998283386230469 4.4949998855590820312 9 4.659999847412109375 9 10 9.2474994659423828125 9.4949998855590820312 9.74250030517578125 10.593999862670898438 11 11 11.494999885559082031 10 11 13 12 8 7 9 3.0518572330474853516 3.0471427440643310547 3.0424284934997558594 3.0377142429351806641 10.494999885559082031 11 9.659999847412109375 9.3299999237060546875 8 1.154131770133972168 1.154131770133972168 1.154131770133972168 1.154131770133972168 1.154131770133972168 1.154131770133972168 1.154131770133972168 1.154131770133972168 1.154131770133972168 1.1482036113739013672 1.1422754526138305664 1.1422754526138305664 1.1363472938537597656 1.1363472938537597656 1.1244909763336181641
9 10 8 9 8 10 8 6.4949998855590820312 6 4.1885714530944824219 4 8 9 8 7 4.2474999427795410156 4.3299999237060546875 7 8.4949998855590820312 8.4949998855590820312 9 9 10 10 10.494999885559082031 9.659999847412109375 13 12 11 13 10 8.4949998855590820312 8 3.0565714836120605469 12 8 10 3.0329999923706054688 10 10 9.4949998855590820312 9 7 1.4048922061920166016 1.154131770133972168 1.154131770133972168 1.154131770133972168 1.154131770133972168 1.154131770133972168 1.154131770133972168 1.154131770133972168 1.1482036113739013672 1.1422754526138305664 1.1422754526138305664 1.1363472938537597656 1.1363472938537597656 1.1244909763336181641 1.1185629367828369141
10 7.4949998855590820312 7 6.4949998855590820312 6.4949998855590820312 6 10 10 9 7 4.1414284706115722656 6 7.659999847412109375 9 8 4 4 6 7 8 7 8 8.4949998855590820312 10 9.3299999237060546875 10 11.494999885559082031 11 11 9.4949998855590820312 9 7.4949998855590820312 7 3.0612857341766357422 10 8.4949998855590820312 8 3.0282857418060302734 9 9.4949998855590820312 9.4949998855590820312 11 1.4257889986038208008 7 10 1.154131770133972168 1.154131770133972168 1.154131770133972168 1.154131770133972168 1.154131770133972168 1.1482036113739013672 1.1422754526138305664 1.1422754526138305664 1.1363472938537597656 1.1363472938537597656 1.1244909763336181641 1.1185629367828369141 1.1185629367828369141
6.659999847412109375 6.3299999237060546875 6 6 5.659999847412109375 5.3299999237060546875 5.8249998092651367188 5.659999847412109375 7 10 4.0942854881286621094 8 7.3299999237060546875 7.659999847412109375 7 6.3299999237060546875 3.9723401069641113281 3.9782266616821289062 3.9841134548187255859 4 6 7 7.4949998855590820312 9 10 9 8.8249998092651367188 12 13 12 9 9 3.0659999847412109375 11 9 9.4949998855590820312 9 11 3.0235714912414550781 10 9.659999847412109375 11.494999885559082031 1.4466856718063354492 6 8 9 1.154131770133972168 1.154131770133972168 1.154131770133972168 1.1482036113739013672 1.1422754526138305664 1.1422754526138305664 1.1363472938537597656 1.1363472938537597656 1.1244909763336181641 1.1185629367828369141 1.1185629367828369141 1.1185629367828369141
6.6929998397827148438 6.5444998741149902344 6.4949998855590820312 6 6 5 3.9833774566650390625 5.4949998855590820312 5.3299999237060546875 7 4.0471429824829101562 7 7.3299999237060546875 7.659999847412109375 6.659999847412109375 6 3.96645355224609375 9 10 9 9 9.4949998855590820312 9 8.4949998855590820312 9 8.74250030517578125 8.659999847412109375 9 9 12 13 11 3.0707142353057861328 9 10 9.4949998855590820312 10.494999885559082031 10 3.0188572406768798828 11 11 9.3299999237060546875 10 1.4675823450088500977 9 10 10 1.154131770133972168 1.1482036113739013672 1.1422754526138305664 1.1422754526138305664 1.1363472938537597656 1.1363472938537597656 1.1244909763336181641 1.1185629367828369141 1.1185629367828369141 1.1185629367828369141 1.1185629367828369141
6.4949998855590820312 6.395999908447265625 6.2474999427795410156 6 5.4949998855590820312 5 3.9767551422119140625 3.9701325893402099609 5.1649999618530273438 5 4 6 7 7 7 3.9605667591094970703 6 9.4949998855590820312 9 9 10 9 8 8 9 8.4949998855590820312 8.74250030517578125 8.4949998855590820312 8.4949998855590820312 8 9.4949998855590820312 9 6 3.0754284858703613281 9 9.4949998855590820312 9 8 3.0141427516937255859 11 14 9 9 1.4884791374206542969 11 11 9 10 9 1.1422754526138305664 1.1422754526138305664 1.1363472938537597656 1.1244909763336181641 1.1185629367828369141 1.1185629367828369141 1.1185629367828369141 1.1185629367828369141 1.1185629367828369141
7 8 7 6 5.659999847412109375 5.3299999237060546875 5 3.9635100364685058594 3.9568877220153808594 3.9502651691436767578 6 3.9635102748870849609 3.9429068565368652344 3.9487936496734619141 3.9546802043914794922 6 6.1979999542236328125 6.395999908447265625 6.5939998626708984375 6.79199981689453125 7.659999847412109375 9 5.8662500381469726562 8 8.2474994659423828125 8.6187496185302734375 8.3299999237060546875 10 8 6.5939998626708984375 6.395999908447265625 6.1979999542236328125 9 3.080142974853515625 10 10.494999885559082031 11 10 3.0094285011291503906 10 11 9 1.5302724838256835938 1.5093758106231689453 11 10 9.1649999618530273438 9.3299999237060546875 9.4949998855590820312 10 1.1363472938537597656 1.1244909763336181641 1.1185629367828369141 1.1185629367828369141 1.1185629367828369141 1.1185629367828369141 1.1185629367828369141 1.1185629367828369141
7 9 8 6.7424998283386230469 6.4949998855590820312 6.2474999427795410156 6 8 7.4949998855590820312 7 3.9436428546905517578 3.9370203018188476562 6 7 8 8 8.1979999542236328125 8.395999908447265625 8.5939998626708984375 8.79199981689453125 8 7.3299999237060546875 5.7424998283386230469 8 8 8.4949998855590820312 8.1649999618530273438 8 7 6.79199981689453125 7.659999847412109375 7.3299999237060546875 7 7 3.0848572254180908203 8.4949998855590820312 10 11.494999885559082031 11 3.0047142505645751953 3 1.5511691570281982422 9 11 10 11 11 10 9.659999847412109375 10 10 12 1.1185629367828369141 1.1185629367828369141 1.1185629367828369141 1.1185629367828369141 1.1185629367828369141 1.1185629367828369141
6.8249998092651367188 6.5774998664855957031 8 7.4949998855590820312 7 9 8 7 8.79199981689453125 8 7 3.9105305671691894531 6 8 7 6.659999847412109375 8 7 8 8.79199981689453125 8 7 5.6187496185302734375 7 8 9 8 9 6 6 7 7.659999847412109375 7.3299999237060546875 3.0895714759826660156 8 9 10 11.494999885559082031 13 11 1.5511691570281982422 7 10 6.1649999618530273438 6.3299999237060546875 6.4949998855590820312 6.659999847412109375 9 9.8249998092651367188 11 10.494999885559082031 11 10 10 1.1185629367828369141 1.1185629367828369141 1.1185629367828369141 1.1185629367828369141
6.659999847412109375 6.4949998855590820312 7 9 9 9.4949998855590820312 6.659999847412109375 6 8.5939998626708984375 6 3.88404083251953125 7 6.3299999237060546875 6.659999847412109375 6 6.3299999237060546875 6.659999847412109375 6.659999847412109375 8 8 5.2474999427795410156 5.371250152587890625 5.4949998855590820312 10 10 9 7.4949998855590820312 7 5 5.4949998855590820312 6 7.659999847412109375 8 3.0942857265472412109 8 9 9.4949998855590820312 9.659999847412109375 11 11 1.5720658302307128906 7 9 6 9 8 6.8249998092651367188 8 9 9.1414289474487304688 9.2828569412231445312 9.5185708999633789062 10 10 11 10 9 8
7 6.3299999237060546875 8 7 8.4949998855590820312 8 6.3299999237060546875 5 8.395999908447265625 7 3.8575510978698730469 7 8 4.7424998283386230469 6 7 7 7.4949998855590820312 8 5.1237497329711914062 8.4949998855590820312 8 7 7 6.4949998855590820312 7 7.4949998855590820312 7 3.8415000438690185547 3.6930000782012939453 3.5444998741149902344 3.395999908447265625 8 3.0989999771118164062 8.3299999237060546875 8.659999847412109375 10 10 9.3299999237060546875 9 10 1.5929626226425170898 1.6138592958450317383 7 8 8.2474994659423828125 10 9 9 10 9.424285888671875 9.5657138824462890625 9.7542858123779296875 10.247499465942382812 11 9.4949998855590820312 9.4949998855590820312 10
6.1649999618530273438 8 7.4949998855590820312 8 6.659999847412109375 6.3299999237060546875 7 6 8.1979999542236328125 7 3.8310613632202148438 4 4.2474999427795410156 4.4949998855590820312 7 8.4949998855590820312 8 7 8 5 9 8 6 6 6 5.79199981689453125 6.4949998855590820312 9 5.4949998855590820312 5 5.4949998855590820312 5 3.2474999427795410156 3.1037142276763916016 8 8.4949998855590820312 10 10 8.659999847412109375 9.770000457763671875 9.7699995040893554688 10 1.6138592958450317383 1.6347560882568359375 6 9 8.4949998855590820312 8.74250030517578125 8.6187496185302734375 9.3299999237060546875 9.659999847412109375 9.7071428298950195312 9.84857177734375 10.494999885559082031 10.74250030517578125 10 10 10
7 7 9 8 6.659999847412109375 6.3299999237060546875 6 4 8 5 3.8045713901519775391 8 6.659999847412109375 7.4949998855590820312 8.4949998855590820312 8 7.4949998855590820312 6.4949998855590820312 7 4.659999847412109375 7 5 6 5.659999847412109375 5.659999847412109375 5.5939998626708984375 6 7 6 5.659999847412109375 5.3299999237060546875 6.4949998855590820312 6 3.1084284782409667969 12 8.4949998855590820312 11 8 8.3299999237060546875 10 9.5500001907348632812 9.659999847412109375 9 9 1.6556527614593505859 9 11 9 9.1649999618530273438 8.74250030517578125 8.8662500381469726562 9.8249998092651367188 11 12 11 11 12 10.494999885559082031
6.7424998283386230469 8.659999847412109375 6 5.8662500381469726562 5.7424998283386230469 8 6 3.9674761295318603516 7.4949998855590820312 7 3.7780816555023193359 6 6.3299999237060546875 7 8 7 7 7 6 4.3299999237060546875 7 5 4 5.3299999237060546875 5.395999908447265625 5.5939998626708984375 5.79199981689453125 7 5.79199981689453125 6.4949998855590820312 5.659999847412109375 5.3299999237060546875 5 3.1131429672241210938 11 11.494999885559082031 11 9 2.7920000553131103516 2.7920000553131103516 10 9.3299999237060546875 10 9 9 1.6765494346618652344 9 11 9.3299999237060546875 9.4949998855590820312 9.659999847412109375 11 13 11 5.8799996376037597656 10 11 11.494999885559082031
8 8.3299999237060546875 7 5.8249998092651367188 5.6187496185302734375 9 8 3.9449524879455566406 7 9 3.7515919208526611328 6 6.3299999237060546875 6.659999847412109375 6.7699999809265136719 6.5499997138977050781 6.4949998855590820312 8 6 4 3.7747142314910888672 3.5594286918640136719 6 5 5.1979999542236328125 5.395999908447265625 5.659999847412109375 8 6 5.5939998626708984375 6 7 6 3.1178572177886962891 9 10 10 2.5939998626708984375 2.5939998626708984375 9 8 9 9 8 1.6974461078643798828 1.6974461078643798828 9 9 9 8.7424993515014648438 11 10 8.4949998855590820312 8 10 5.8799996376037597656 12 12
8 9 7.4949998855590820312 5.659999847412109375 5.4949998855590820312 8 7 3.9224286079406738281 8 6 3.7251021862030029297 3.698612213134765625 7 7.4949998855590820312 6.659999847412109375 6.3299999237060546875 6 8 8 8 8.4949998855590820312 8 3.344142913818359375 3.3394286632537841797 5 5.1979999542236328125 5.3299999237060546875 6.7424998283386230469 7 5.395999908447265625 5.1979999542236328125 5 3.1225714683532714844 8 8.3299999237060546875 8.659999847412109375 2.395999908447265625 2.395999908447265625 2.1979999542236328125 2 8 6 6 1.7392395734786987305 1.7183427810668945312 7 1.9691033363342285156 1.9691033363342285156 1.9839233160018920898 8.4949998855590820312 8.4949998855590820312 8.74250030517578125 8.659999847412109375 10 8.4949998855590820312 5.7699999809265136719 11 11
7.659999847412109375 5 5.4949998855590820312 5.1649999618530273438 5.3299999237060546875 6 3.8773808479309082031 3.8999047279357910156 6 7 6 3.6721224784851074219 3.6456327438354492188 8 8 6 5.4949998855590820312 7 6.7424998283386230469 6.4949998855590820312 6.2474999427795410156 6 3.3488571643829345703 9 3.3347144126892089844 5 6.2474999427795410156 6.4949998855590820312 6.7424998283386230469 7.4949998855590820312 7 9 3.1272857189178466797 8 8.4949998855590820312 9 9 10 12 10 1.8019297122955322266 1.7810330390930175781 1.7601362466812133789 8 1.9273099899291992188 1.9482066631317138672 8 8 1.9839233160018920898 8 8.2474994659423828125 8.3299999237060546875 10 8.8249998092651367188 8 5.659999847412109375 9 11
3.9423334598541259766 3.9661667346954345703 5 4 5 3.8323333263397216797 3.8548572063446044922 5 6 7 7.4949998855590820312 7 5 3.6191430091857910156 3.5926530361175537109 3.5661633014678955078 5 7 7.4949998855590820312 6.659999847412109375 6.3299999237060546875 6 3.3535714149475097656 7 8 3.3299999237060546875 6 6 7 7.659999847412109375 7.3299999237060546875 3.131999969482421875 8 8 8.4949998855590820312 8 7.4949998855590820312 7 4 1.822826385498046875 7 9 8 6 1.9273099899291992188 9 9 9 1.9778465032577514648 8 8 10 8.659999847412109375 8.4949998855590820312 7.659999847412109375 5.5499997138977050781 9 13
5 5 6 6.4949998855590820312 3.7872858047485351562 3.8098094463348388672 6 6.4949998855590820312 5.7424998283386230469 6.4949998855590820312 7 6 5.4949998855590820312 7 6.659999847412109375 3.5396735668182373047 3.5131838321685791016 5.4949998855590820312 7 5.659999847412109375 5.3299999237060546875 8 3.3582856655120849609 6 7.659999847412109375 8 3.3252856731414794922 7 7.4949998855590820312 7 7 3.1367142200469970703 8 9 8 7 6 6 8 9 1.8437230587005615234 1.8646197319030761719 1.8855165243148803711 1.9064131975173950195 9 11 10 9 1.9717698097229003906 1.9717698097229003906 9 10 8.3299999237060546875 8.659999847412109375 7.3299999237060546875 5.4400000572204589844 10 11
8 7 7 3.7422380447387695312 3.7647619247436523438 5 5.2474999427795410156 5.4949998855590820312 6 6 7 7 6.4949998855590820312 6 5.659999847412109375 6.3299999237060546875 3.4866938591003417969 5 6 6.4949998855590820312 6 5 3.3629999160766601562 7 7.4949998855590820312 7.3299999237060546875 7 3.3205714225769042969 5 5.4949998855590820312 5.3299999237060546875 5 3.1414284706115722656 7 6.4949998855590820312 6 6 7 6.1649999618530273438 8 6 8 6 9 9.659999847412109375 9.3299999237060546875 7.2474999427795410156 7 1.9656931161880493164 1.9656931161880493164 6 9 8.1649999618530273438 8 7 5.3299999237060546875 10 12
8.659999847412109375 7.4949998855590820312 3.6971905231475830078 3.7197141647338867188 6 6.3299999237060546875 6.659999847412109375 7 6.4949998855590820312 6 6 6 8 5.659999847412109375 5.3299999237060546875 6 3.4602041244506835938 8 7.4949998855590820312 6 6 6 3.3677144050598144531 6 6.4949998855590820312 7 9 3.3158571720123291016 6 6.4949998855590820312 5.659999847412109375 5 3.1461429595947265625 6 7 7.4949998855590820312 8 8 6.3299999237060546875 8 6.1237497329711914062 10 6.0989999771118164062 6.1979999542236328125 10 10 7.4949998855590820312 10 10 1.9596164226531982422 6.4949998855590820312 7 8 5.2199997901916503906 5.2199997901916503906 9 9.4949998855590820312 12
8.3299999237060546875 8 3.6746666431427001953 7 6.4949998855590820312 7 7 6 5.659999847412109375 5.659999847412109375 5.79199981689453125 7.3299999237060546875 7.659999847412109375 7 5.3299999237060546875 5 3.4384286403656005859 3.4337143898010253906 7 5 6 6 3.3724286556243896484 9 6.4949998855590820312 6.659999847412109375 6.3299999237060546875 3.3111429214477539062 7 7.4949998855590820312 6 5.4949998855590820312 5 3.1508572101593017578 9 6.7424998283386230469 6.659999847412109375 6.4949998855590820312 8 9 6.2474999427795410156 8 7 8 6.2969999313354492188 6.395999908447265625 8 9.3299999237060546875 9 7 1.9535396099090576172 1.947462916374206543 5 5.1100001335144042969 8 10 10.494999885559082031 13
6 7 3.6521427631378173828 6 7.4949998855590820312 9 6.4949998855590820312 5.3299999237060546875 5.3299999237060546875 5.7424998283386230469 5.5939998626708984375 7 6.4949998855590820312 6.4949998855590820312 6 5 3.4431428909301757812 7 3.4289999008178710938 3.4242856502532958984 3.4195713996887207031 6 3.3771429061889648438 6 6.4949998855590820312 6 6 3.3064286708831787109 6 7 6.4949998855590820312 6 6 3.1555714607238769531 10 6.4949998855590820312 7 6.8249998092651367188 6.659999847412109375 9 6.371250152587890625 10 9 8.4949998855590820312 6.4949998855590820312 7.7424998283386230469 8.2474994659423828125 9.659999847412109375 9.4949998855590820312 7 7 1.947462916374206543 1.9569156169891357422 7 7.4949998855590820312 9 1.9758210182189941406 1.9805473089218139648
