experiments/testB_ganges-brahmaputra/LFP/elevation_clipped_ASC.asc
ncols        400
nrows        154
xllcorner    89.000000000000
yllcorner    23.230000000000
cellsize     0.005000000000
NODATA_value  -9999
[rows 120 to 143 of 154, columns 212 to 264 of 400]
2.7920000553131103516 2.7920000553131103516 10 9.3299999237060546875 10 9 9 1.6765494346618652344 9 11 9.3299999237060546875 9.4949998855590820313 9.659999847412109375 11 13 11 5.8799996376037597656 10 11 11.494999885559082031 9.659999847412109375 9.715000152587890625 9.715000152587890625 9.659999847412109375 9.659999847412109375 9.4949998855590820313 9 8 6.3299999237060546875 9.4949998855590820313 10 9 9.659999847412109375 9 8.659999847412109375 8.3299999237060546875 8 10 10 9 6.395999908447265625 6.4949998855590820313 7.4949998855590820313 9 11 11 10 8.4949998855590820313 7.4949998855590820313 8 4.0761537551879882813 7.4949998855590820313 9
2.5939998626708984375 9 8 9 9 8 1.6974461078643798828 1.6974461078643798828 9 9 9 8.7424993515014648438 11 10 8.4949998855590820313 8 10 5.8799996376037597656 12 12 11 9.4949998855590820313 9.4399995803833007813 11 10 9.4949998855590820313 9 8.2474994659423828125 6.4400000572204589844 9.4949998855590820313 9 8.79199981689453125 9.3299999237060546875 10 9 8 9 7 6.8414998054504394531 9 6.5444998741149902344 7 8 9 7.79199981689453125 9 9 8 9 7 4.1523075103759765625 8 7.4949998855590820313
2.1979999542236328125 2 8 6 6 1.7392395734786987305 1.7183427810668945313 7 1.9691033363342285156 1.9691033363342285156 1.9839233160018920898 8.4949998855590820313 8.4949998855590820313 8.74250030517578125 8.659999847412109375 10 8.4949998855590820313 5.7699999809265136719 11 11 11.494999885559082031 9.3299999237060546875 9.4399995803833007813 10 10 9.4949998855590820313 9 8.4949998855590820313 6.5499997138977050781 9 8.74250030517578125 8.5939998626708984375 9 10 8 7.79199981689453125 7.5939998626708984375 7.395999908447265625 7 6.6929998397827148438 6.7424998283386230469 8 10 8 7.5939998626708984375 8.4949998855590820313 9 4.9392304420471191406 10 8 4.2284612655639648438 8 8.4949998855590820313
12 10 1.8019297122955322266 1.7810330390930175781 1.7601362466812133789 8 1.9273099899291992188 1.9482066631317138672 8 8 1.9839233160018920898 8 8.2474994659423828125 8.3299999237060546875 10 8.8249998092651367188 8 5.659999847412109375 9 11 11 11 9.1649999618530273438 9.5774993896484375 9.659999847412109375 10 9.4949998855590820313 8.74250030517578125 8 6.659999847412109375 8.4949998855590820313 9 8.395999908447265625 8.659999847412109375 8.3299999237060546875 8 9 7.1979999542236328125 10 9 9 8.4949998855590820313 9 8 7.395999908447265625 8 8 4.8884611129760742188 7 9 4.3046154975891113281 8 8
4 1.822826385498046875 7 9 8 6 1.9273099899291992188 9 9 9 1.9778465032577514648 8 8 10 8.659999847412109375 8.4949998855590820313 7.659999847412109375 5.5499997138977050781 9 13 9 4.659999847412109375 9 12 9.3299999237060546875 10 10 9 8.4949998855590820313 6.7699999809265136719 8.6187496185302734375 8.2474994659423828125 8.1979999542236328125 9 8.79199981689453125 9 8 7.7424998283386230469 9.659999847412109375 9.3299999237060546875 8.79199981689453125 10 8 7.4949998855590820313 7.1979999542236328125 7.4949998855590820313 7.4949998855590820313 4.8376922607421875 8 8 4.3807692527770996094 7 7.2474999427795410156
8 9 1.8437230587005615234 1.8646197319030761719 1.8855165243148803711 1.9064131975173950195 9 11 10 9 1.9717698097229003906 1.9717698097229003906 9 10 8.3299999237060546875 8.659999847412109375 7.3299999237060546875 5.4400000572204589844 10 11 4 4.3299999237060546875 6 8 9 10 11 9.659999847412109375 9 6.8799996376037597656 9 8 8 8 8.5939998626708984375 9 8 7.4949998855590820313 9 9.5500001907348632813 9 8.5939998626708984375 9 8 7 7 8 4.7869229316711425781 8 8 4.4569230079650878906 8 8
6.1649999618530273438 8 6 8 6 9 9.659999847412109375 9.3299999237060546875 7.2474999427795410156 7 1.9656931161880493164 1.9656931161880493164 6 9 8.1649999618530273438 8 7 5.3299999237060546875 10 12 3.4949998855590820313 8 10 8 8.3299999237060546875 8.659999847412109375 9 10 9.3299999237060546875 7 9.74250030517578125 9.4949998855590820313 6.4949998855590820313 7.4949998855590820313 8.5939998626708984375 8.395999908447265625 8.4949998855590820313 8 7.2474999427795410156 9.7699995040893554688 8.5939998626708984375 8.395999908447265625 8 8 8 5.4949998855590820313 7 4.7361536026000976563 7 4.5330767631530761719 7 8 8.659999847412109375
6.3299999237060546875 8 6.1237497329711914063 10 6.0989999771118164063 6.1979999542236328125 10 10 7.4949998855590820313 10 10 1.9596164226531982422 6.4949998855590820313 7 8 5.2199997901916503906 5.2199997901916503906 9 9.4949998855590820313 12 3 7 8 9 10 8.4949998855590820313 8.659999847412109375 11 9 8 9 9.2474994659423828125 6 7 8.1979999542236328125 9 9 9 8 7 8.1979999542236328125 8 8 7 8 7 5 4.6853842735290527344 4.6092305183410644531 8 7.3299999237060546875 8 8.3299999237060546875
8 9 6.2474999427795410156 8 7 8 6.2969999313354492188 6.395999908447265625 8 9.3299999237060546875 9 7 1.9535396099090576172 1.947462916374206543 5 5.1100001335144042969 8 10 10.494999885559082031 13 1.9852735996246337891 3 6 8 9 10 9 8.8249998092651367188 11 8.1649999618530273438 9.4949998855590820313 9.7699995040893554688 9 5.8909997940063476563 8 8.4949998855590820313 8.659999847412109375 9 8 10 6.4949998855590820313 6 5.659999847412109375 5.3299999237060546875 5 4.9138460159301757813 4.8376922607421875 4.7615385055541992188 4.8376922607421875 7.4949998855590820313 7.659999847412109375 11 8
6.659999847412109375 9 6.371250152587890625 10 9 8.4949998855590820313 6.4949998855590820313 7.7424998283386230469 8.2474994659423828125 9.659999847412109375 9.4949998855590820313 7 7 1.947462916374206543 1.9569156169891357422 7 7.4949998855590820313 9 1.9758210182189941406 1.9805473089218139648 11 7 8 9 8.3299999237060546875 10 9.4949998855590820313 9.4949998855590820313 11 8.3299999237060546875 10 9.5500001907348632813 9 5.79199981689453125 8 8.3299999237060546875 8.4949998855590820313 9 9 9.4949998855590820313 9 8 8 7 7.4949998855590820313 8 7 8 7 7 9 9.4949998855590820313 9
8 6.4949998855590820313 7 8 9 6.5939998626708984375 8 8.4949998855590820313 8.74250030517578125 9.659999847412109375 9.3299999237060546875 7 1.9380102157592773438 1.942736506462097168 1.9521892070770263672 1.9616419076919555664 1.9663683176040649414 1.9710946083068847656 9 9.4949998855590820313 13 10 9 10 10 8.659999847412109375 9 9.3299999237060546875 10 10 8.4949998855590820313 9.659999847412109375 9.3299999237060546875 9 5.6929998397827148438 10 10 9 8 7.659999847412109375 8.4949998855590820313 9 9 9 10 8.4949998855590820313 10 10.494999885559082031 7.1979999542236328125 7.3299999237060546875 7.659999847412109375 9 9.4949998855590820313
6.6187496185302734375 6.6187496185302734375 7 8 6.79199981689453125 6.6929998397827148438 8.4949998855590820313 7 9 11 9 1.9332838058471679688 7 8 7 7.4949998855590820313 9 7 7.3299999237060546875 7.659999847412109375 8 10 11 10 9.659999847412109375 10 9.7071428298950195313 9.8014287948608398438 9.659999847412109375 11 9 8.659999847412109375 9.659999847412109375 9.659999847412109375 8 5.5939998626708984375 9 9 8.4949998855590820313 9 7.3299999237060546875 8 9.4949998855590820313 9.4949998855590820313 9 7.79199981689453125 7.5939998626708984375 7.395999908447265625 9 10 9 8 8.1414289474487304688
6.80437469482421875 6.7424998283386230469 7.4949998855590820313 7 6.8909997940063476563 6 7 6.7424998283386230469 6.4949998855590820313 6.2474999427795410156 6 1.9285575151443481445 1.9238311052322387695 7 7.3299999237060546875 7.659999847412109375 3.6600000858306884766 6 6.4949998855590820313 7 8 8.4949998855590820313 9 9.3299999237060546875 9.424285888671875 9.5185708999633789063 9.6128568649291992188 10 9.89571380615234375 11 9 8.8249998092651367188 10 8.74250030517578125 8.4949998855590820313 8.2474994659423828125 5.4949998855590820313 10 10 9 8 7 8.4949998855590820313 8.659999847412109375 9 8 8 10.494999885559082031 11 9.4949998855590820313 9 10 10.494999885559082031
7.4949998855590820313 6.8662500381469726563 7.4949998855590820313 6.4949998855590820313 6 5.79199981689453125 5.5939998626708984375 6.7424998283386230469 7 6.4949998855590820313 6 10 1.9238311052322387695 1.9191048145294189453 7 3.3299999237060546875 8 8.4949998855590820313 9 9 9 10 9 10 10 10.494999885559082031 12 11 11.494999885559082031 11 9.4949998855590820313 9.4949998855590820313 10 9.659999847412109375 9.3299999237060546875 9 8 5.395999908447265625 8 6 6.4949998855590820313 7 8 8.4949998855590820313 8.3299999237060546875 8.659999847412109375 8.4949998855590820313 10 9 9 7.659999847412109375 11 10
8 6.79199981689453125 8 7 6.4949998855590820313 7 5.395999908447265625 6 8 6.3299999237060546875 8 7 1.9191048145294189453 1.9191048145294189453 3 8 8 8.2474994659423828125 8.4949998855590820313 8.74250030517578125 9 7 7 8 9 10.659999847412109375 10.329999923706054688 9.659999847412109375 14 12 11 11 11 11.494999885559082031 10.494999885559082031 10 9 8 5.2969999313354492188 9 9 9 7.4949998855590820313 8 8.4949998855590820313 8.4949998855590820313 9 11 8.4949998855590820313 8 7.3299999237060546875 9 9
8 7 6.5939998626708984375 6.395999908447265625 6.1979999542236328125 6 5.1979999542236328125 9 8 6.659999847412109375 9 8 9 1.9143784046173095703 1.9143784046173095703 4 7 8 8 8 6 6.4949998855590820313 8 8.3299999237060546875 9 10 10 9.3299999237060546875 9 10 8 9.4949998855590820313 9.3299999237060546875 11 10 10.494999885559082031 10 10 9 5.1979999542236328125 5.0989999771118164063 9 9 8 10 9 9.4949998855590820313 10 10 8 7.4949998855590820313 7 9
8 6.8249998092651367188 6.659999847412109375 8 6.3299999237060546875 7 5 2.9075000286102294922 9 6.4949998855590820313 8.4949998855590820313 7.4949998855590820313 8 1.9096521139144897461 7.4949998855590820313 8 4.3299999237060546875 4.659999847412109375 5 5.4949998855590820313 7 7.4949998855590820313 8 8.4949998855590820313 8.659999847412109375 8.4949998855590820313 8.74250030517578125 8.659999847412109375 8.3299999237060546875 10 7.4949998855590820313 9 9.1649999618530273438 9.4949998855590820313 9.8249998092651367188 8 9 9.4949998855590820313 9.4949998855590820313 10 5 3.946956634521484375 10 9 9 8.3299999237060546875 8.659999847412109375 9.4949998855590820313 10 9 7 5.8662500381469726563 5.7424998283386230469
10 8.74250030517578125 8.4949998855590820313 6.4949998855590820313 6.1649999618530273438 6 6 2.8250000476837158203 6 7 6.4949998855590820313 6 7 1.9049258232116699219 7 11 9 9.3299999237060546875 9.659999847412109375 10 10 9 10 9 8 8.2474994659423828125 10 8.659999847412109375 8 9 8 7 8 9.74250030517578125 9.659999847412109375 7.4949998855590820313 9 8.4949998855590820313 9 9.659999847412109375 10 3.9039130210876464844 5 6 8 8 9 10 9 8 7 5.8662500381469726563 5.6187496185302734375
9.4949998855590820313 9 8.2474994659423828125 10 9 8 5.4949998855590820313 9 2.7425000667572021484 7 8 8 1.9001994132995605469 5 7 7.1649999618530273438 7.3299999237060546875 7.4949998855590820313 7.659999847412109375 7.8249998092651367188 9 8 8 9 8 7.4949998855590820313 9 7.3299999237060546875 7.79199981689453125 9 6 6.4949998855590820313 8.4949998855590820313 8.3299999237060546875 8.659999847412109375 10 7 8 9 9.3299999237060546875 10 3.8608696460723876953 4 10 8 9 8.4949998855590820313 9 11 8 8 7 8
9 7.79199981689453125 8 9 8.4949998855590820313 8 5 8 2.6600000858306884766 7 8 8 1.8954731225967407227 6 7 8 5.3299999237060546875 6 6.2474999427795410156 6.4949998855590820313 7 7.4949998855590820313 7 8 7 8 10 7.659999847412109375 7 7.5939998626708984375 3.8877716064453125 9 8 8.4949998855590820313 9 6.659999847412109375 6.3299999237060546875 7.4949998855590820313 8 9 10 3.8178260326385498047 9 11 10 9 9 9.4949998855590820313 10 9 10 8.2474994659423828125 7
7.4949998855590820313 7.79199981689453125 7.5939998626708984375 7.395999908447265625 10 9 3 9 2.5775001049041748047 9 7 8 1.8907467126846313477 7 7.3299999237060546875 8.4949998855590820313 5.1649999618530273438 5.4949998855590820313 5.659999847412109375 6.7424998283386230469 8 6.4949998855590820313 6 6 8 9 8 7.4949998855590820313 6.659999847412109375 7.395999908447265625 3.7855434417724609375 8 7 8 8.4949998855590820313 8 7 6 7 3.731739044189453125 3.7747826576232910156 8 9.4949998855590820313 10 10.494999885559082031 9.4949998855590820313 11 11 9 8.74250030517578125 8.4949998855590820313 9 8
7 7 8 7.5939998626708984375 7.1979999542236328125 7 2.3299999237060546875 2.4124999046325683594 2.4949998855590820313 9 1.9068163633346557617 1.8964183330535888672 1.8860204219818115234 7 8 7.659999847412109375 5 8 8 5.8249998092651367188 7 6 3.6600000858306884766 8 7.79199981689453125 8 7.659999847412109375 7 6.3299999237060546875 7.1979999542236328125 3.683315277099609375 7.7424998283386230469 9 6.659999847412109375 8 9 3.6026086807250976563 3.6456522941589355469 3.6886956691741943359 9 9.3299999237060546875 9.659999847412109375 10.494999885559082031 10 12 13 10.494999885559082031 10 10 9 9.4949998855590820313 10 9
5.5939998626708984375 8 6.8249998092651367188 6.659999847412109375 9 9 2.2474999427795410156 8 8 9 1.9172142744064331055 7 1.8812940120697021484 7 8 1.9545524120330810547 1.9722762107849121094 1.9722762107849121094 7 7 6 3.3299999237060546875 6 9 7.5939998626708984375 7.8249998092651367188 8 7.4949998855590820313 6 7 3.5810871124267578125 7.4949998855590820313 8.4949998855590820313 6.3299999237060546875 7 8 3.5595653057098388672 7 9 10 9.4949998855590820313 8 7.7424998283386230469 8.659999847412109375 8.3299999237060546875 9 9.4949998855590820313 9.3299999237060546875 9.659999847412109375 9.7424993515014648438 9.74250030517578125 9.4949998855590820313 9.2474994659423828125
5.395999908447265625 5.1979999542236328125 6.4949998855590820313 6.4949998855590820313 10 9 2.1649999618530273438 7 7 1.9276123046875 8 7.2474999427795410156 1.8765677213668823242 7 8 1.93682861328125 8 1.9722762107849121094 6 8 3 7 7.1979999542236328125 7.395999908447265625 8 8 10 8 7.3299999237060546875 5 3.4788587093353271484 7.2474999427795410156 8 9 6 8 3.5165216922760009766 9 7.4949998855590820313 9 9 10 11 7.4949998855590820313 8 8 9 8 11 11 11 11 10
