experiments/testB_ganges-brahmaputra/LFP/elevation_clipped_ASC.asc
ncols        400
nrows        154
xllcorner    89.000000000000
yllcorner    23.230000000000
cellsize     0.005000000000
NODATA_value  -9999
[rows 0 to 23 of 154, columns 212 to 264 of 400]
10 9.659999847412109375 11.329999923706054688 11 10 10 6.26399993896484375 6.3431997299194335938 7.4949998855590820313 9 8.1979999542236328125 9.4949998855590820313 10 12 12 11 9.659999847412109375 9.4619998931884765625 9.3299999237060546875 10 12 8.79199981689453125 8.5939998626708984375 8.395999908447265625 11 12 9.659999847412109375 9.5500001907348632813 11 13 12 12 5.9763536453247070313 5.9809026718139648438 11 12 12.164999961853027344 12.329999923706054688 12.494999885559082031 15 15.659999847412109375 15 16 16 15.494999885559082031 15 14.247499465942382813 14.494999885559082031 17 16 14 14 17
10.494999885559082031 10 11.659999847412109375 9.659999847412109375 9.3299999237060546875 12 6.1979999542236328125 6.2508001327514648438 7 8 10 8.395999908447265625 8.5939998626708984375 8.79199981689453125 11 10 10 9.659999847412109375 9 9 12 9.4949998855590820313 9 8.4949998855590820313 9.79199981689453125 12 11 9.7699995040893554688 9.4949998855590820313 9 9 5.9718050956726074219 8 9 10 13 14 14 14 12.659999847412109375 13 13 14 16 15 15 17 14.74250030517578125 14 13.494999885559082031 13.247499465942382813 13 14
12 11 11 10 9 9 6.131999969482421875 6.1584000587463378906 6.659999847412109375 9 10 10 10.494999885559082031 9 9.74250030517578125 10 11 11 5.9886617660522460938 7 12 11 10 9.659999847412109375 9.5939998626708984375 10 10 8.79199981689453125 8.5939998626708984375 8.395999908447265625 8.1979999542236328125 5.9672565460205078125 10 12 13 11 15 13 12.824999809265136719 13.494999885559082031 12.494999885559082031 11.494999885559082031 13.494999885559082031 14 15 14 14 15 13.74250030517578125 15 17 17 4.4949998855590820313
6.9528746604919433594 10 11 9.4949998855590820313 9 8.8249998092651367188 8.659999847412109375 6.0659999847412109375 6.3299999237060546875 13 10.494999885559082031 11 11 9.2474994659423828125 9.4949998855590820313 11 10 5.9859862327575683594 5.9873242378234863281 9.6187496185302734375 9 11.494999885559082031 11 9.3299999237060546875 9.395999908447265625 10 12 9 8.659999847412109375 8.3299999237060546875 8 5.9627079963684082031 11 11 11.494999885559082031 12 12.494999885559082031 14 12.494999885559082031 13 12 11 13 12.329999923706054688 12.659999847412109375 15 16 18 15 15 18 16 15
9 10.494999885559082031 11 10 9.4949998855590820313 9 8.4949998855590820313 8.3299999237060546875 6 12 11 11 9 5.9806351661682128906 5.9819726943969726563 9 5.9846487045288085938 9 9.2474994659423828125 9.4949998855590820313 9.74250030517578125 10 11 10 9.1979999542236328125 11 12 10.494999885559082031 10 9 10 5.9581594467163085938 11 9 9 9.4949998855590820313 12 11 14 12 5.9786281585693359375 7 9 12 15.494999885559082031 14 17 15.494999885559082031 15 13.565713882446289063 16 13.141428947448730469 13
10.494999885559082031 9.79199981689453125 9.5939998626708984375 11 9.1979999542236328125 10 8 8.1649999618530273438 11 5.983310699462890625 11 5.9779596328735351563 5.9792971611022949219 11 12 5.983310699462890625 9 11 10 10 9.74250030517578125 10 11 10 9 11 10 10.494999885559082031 11.494999885559082031 12 10.74250030517578125 5.9536104202270507813 10 10 6.4949998855590820313 9 10 8 10 5.9672565460205078125 9 11 8 12 13 15 17 15 13.707142829895019531 15 13.424285888671875 13.282856941223144531 14
10.329999923706054688 10 11 9.395999908447265625 9 8.4949998855590820313 8 7.7424998283386230469 12 11 5.9766216278076171875 12 9.3299999237060546875 9.659999847412109375 11 10 11 11 11.494999885559082031 12 10.329999923706054688 10.659999847412109375 9.8800001144409179688 8 6.79199981689453125 8.659999847412109375 9 12 11.494999885559082031 11 10.494999885559082031 5.9490618705749511719 10.494999885559082031 11 6 9 6 5.9445133209228515625 5.9558849334716796875 9 9.3299999237060546875 12 12 13 13.197999954223632813 13.395999908447265625 14 13.84857177734375 15 12 8.74250030517578125 8.2474994659423828125 10
10.659999847412109375 12 10 12 10 11 10 7.4949998855590820313 7.2474999427795410156 7 5.9699320793151855469 9 9.2474994659423828125 9.2474994659423828125 9.4949998855590820313 12 10 9.8249998092651367188 9.8249998092651367188 9.9074993133544921875 10 11 9.7699995040893554688 10 6.5939998626708984375 8 8.3299999237060546875 10 11 10.247499465942382813 10 9 5.9445133209228515625 10 5.9308671951293945313 6 5.9331417083740234375 10 11 11 9.659999847412109375 11 12 14 15 13.593999862670898438 13.79199981689453125 12.659999847412109375 12.329999923706054688 16 8.4949998855590820313 8 5
13 11.494999885559082031 11 13 12 12 10 9.4949998855590820313 9 10 5.9632430076599121094 14 12 9.4949998855590820313 9.74250030517578125 9.74250030517578125 12 9.659999847412109375 9.74250030517578125 8.79199981689453125 10 9.5500001907348632813 9.659999847412109375 11 10 6.395999908447265625 10 8.8249998092651367188 10 10 9.4949998855590820313 9 5.9399647712707519531 5.9354162216186523438 10 5.9263186454772949219 9 11 11 12 12.494999885559082031 11 13 14 14.494999885559082031 16 14 13 14 18 18.659999847412109375 18.329999923706054688 19
10.659999847412109375 13 11 10.659999847412109375 13 12.494999885559082031 12 11 11 10.494999885559082031 5.9565539360046386719 13 11.494999885559082031 11.494999885559082031 11 9.3299999237060546875 9.4949998855590820313 9.659999847412109375 8.395999908447265625 8.5939998626708984375 9.3299999237060546875 9.4399995803833007813 11 13 11 6.1979999542236328125 8.4949998855590820313 8.4949998855590820313 8.659999847412109375 9 9 8 9 9 9 5.9217700958251953125 11 11 9 8 8.4949998855590820313 11 15 17 15 17 17 14.494999885559082031 14.329999923706054688 18 19 18 17
11.494999885559082031 12 11.494999885559082031 10.659999847412109375 10.329999923706054688 10 12.329999923706054688 12.659999847412109375 6.4949998855590820313 6.2474999427795410156 6 5.9498648643493652344 11 12 11 9.1649999618530273438 12 9.3299999237060546875 8.1979999542236328125 10 9.2200002670288085938 12.494999885559082031 11 5.9665875434875488281 6 10 8.1649999618530273438 8.3299999237060546875 10 8.3299999237060546875 8.659999847412109375 7.659999847412109375 8 8.4949998855590820313 8 5.9103984832763671875 5.9103984832763671875 5.9217700958251953125 5.9331417083740234375 5.9445133209228515625 5.9558849334716796875 11 14 14.164999961853027344 14.5774993896484375 16 15 15 14.659999847412109375 20 20 17.494998931884765625 17
11 13 14 10.659999847412109375 10.494999885559082031 10.247499465942382813 7 6.7424998283386230469 10 9.1979999542236328125 9 5.9431753158569335938 5.9364862442016601563 5.9297971725463867188 5.9231081008911132813 10 9 8 12 11 9.1099996566772460938 12 5.9431753158569335938 12 11 8 8 8 9 8 7.3299999237060546875 7.4949998855590820313 8.4949998855590820313 8.659999847412109375 8 5.8990268707275390625 6 8 8.4949998855590820313 11 10 5.9672565460205078125 16.494998931884765625 16 14.329999923706054688 16.494998931884765625 16 15.329999923706054688 16 17 18 16.494998931884765625 16
9 12 11 10.824999809265136719 10.74250030517578125 10.74250030517578125 11 9.79199981689453125 9.5939998626708984375 9.395999908447265625 11 11 5.97394561767578125 10 9 5.9164185523986816406 12 7 10 11 9 5.9197635650634765625 13 11 9 5.9548816680908203125 7 8 10 9 7 7 8 8.3299999237060546875 5.8876552581787109375 9 9.4949998855590820313 9 11 11.494999885559082031 12 10 5.9786281585693359375 18 14.494999885559082031 16 14.824999809265136719 15.659999847412109375 13.79199981689453125 16 18.659999847412109375 18.329999923706054688 15
11 11.494999885559082031 13 11.494999885559082031 11 11 10 10 11.494999885559082031 11 10 8 11 5.9578914642333984375 5.9418377876281738281 5.9257836341857910156 5.9097294807434082031 5.9030404090881347656 5.8963513374328613281 11 11 12 5.8963513374328613281 5.8729391098022460938 5.8846449851989746094 5.9197635650634765625 10 10.494999885559082031 11 11 5.9103984832763671875 5.8421688079833984375 5.8535404205322265625 5.8762836456298828125 10.494999885559082031 12 13 9.4949998855590820313 13 13 15 12 6 17 16 14.659999847412109375 15 14 13.593999862670898438 13.395999908447265625 18.74250030517578125 18.494998931884765625 18
12 13 13 14 12 10.494999885559082031 10.164999961853027344 10 11 10.494999885559082031 8.3299999237060546875 11 11 10 7 11.659999847412109375 11 7 5.8896617889404296875 5.88297271728515625 5.8762836456298828125 5.869594573974609375 5.8629050254821777344 5.8562159538269042969 5.8495268821716308594 11 11.494999885559082031 9.4949998855590820313 11.494999885559082031 11.494999885559082031 11 5.8307971954345703125 11 5.8649120330810546875 10 12 13 11.79199981689453125 15 15.494999885559082031 16 14 8 17 17 15 18 17 16 13.197999954223632813 13 18.247499465942382813 18
7.6092305183410644531 11 12 13 10.494999885559082031 10.329999923706054688 10.247499465942382813 10 9.4949998855590820313 9 8.659999847412109375 9 11 7.1979999542236328125 12 11.329999923706054688 11 7.1979999542236328125 13 10 9 11 12 9 5.8428378105163574219 5.8361482620239257813 11 9 11 12 14 12 5.8194255828857421875 5.8080539703369140625 11 14 11.593999862670898438 12 14 15 15.494999885559082031 14 8.4949998855590820313 15 16 17 18 18 16.494998931884765625 16 12 3.4949998855590820313 3
7.5330767631530761719 11 10 10.824999809265136719 10.659999847412109375 10.74250030517578125 10.494999885559082031 11 13 11 11 10 7.5939998626708984375 7.395999908447265625 9 9 8 9 7.395999908447265625 11 11 9.3299999237060546875 9 5.8918919563293457031 10 5.8294591903686523438 5.8227701187133789063 5.8160810470581054688 5.8093914985656738281 5.8027024269104003906 15 17 14 5.7966823577880859375 13 13.494999885559082031 11.395999908447265625 13.494999885559082031 14 14.494999885559082031 15 15 13 9 16 14.79199981689453125 18 20 16 18 17 10 12
7.4569230079650878906 12 10.494999885559082031 11 12 13 12 13 12 10 9 8 7.79199981689453125 9 9.659999847412109375 9.3299999237060546875 9 9.4949998855590820313 7.5939998626708984375 10 9.659999847412109375 9.659999847412109375 5.9409456253051757813 8 10.494999885559082031 11 13 5.8996953964233398438 12 10 5.7960133552551269531 5.7893242835998535156 12 14 5.7853107452392578125 11.197999954223632813 11.494999885559082031 10.494999885559082031 13 16 16 17 14 9.4949998855590820313 17 14.593999862670898438 18 20 17 14.659999847412109375 16.494998931884765625 16 13
7.3807692527770996094 11 10.79199981689453125 12 11 8.8579998016357421875 10.494999885559082031 11 11 9.4949998855590820313 9 9 11 10.329999923706054688 10 9.2474994659423828125 11 9.4949998855590820313 7.79199981689453125 9 11 8 9 9 10 11 10 8 8.3299999237060546875 7 11 5.782634735107421875 5.7759456634521484375 5.769256591796875 5.7739391326904296875 11 10 16 14 12 14 17 14.329999923706054688 14.659999847412109375 10 14.395999908447265625 16 22 19 17 14.329999923706054688 14 7
11 10.593999862670898438 10.659999847412109375 12 8.7259998321533203125 9 10 11.494999885559082031 10.494999885559082031 12 12 11.494999885559082031 10.659999847412109375 9.74250030517578125 9.4949998855590820313 9.6187496185302734375 10.494999885559082031 10 9 10 9 8.1979999542236328125 11 10.494999885559082031 10.247499465942382813 10.329999923706054688 10.494999885559082031 8 9 11 7.2474999427795410156 12 10 5.7625675201416015625 12 12 9 15 13 10.494999885559082031 12 16 17 13 14 14.197999954223632813 18 20 21 18 18 16 16
12 10.395999908447265625 10.329999923706054688 10 8.5939998626708984375 8.79199981689453125 11 11 10 9 11 11 10.659999847412109375 12 11 11 9.659999847412109375 9.3299999237060546875 10.494999885559082031 12 9.4949998855590820313 8.395999908447265625 8.5939998626708984375 10.74250030517578125 10.618749618530273438 10.659999847412109375 8.4949998855590820313 8.2474994659423828125 8.659999847412109375 8 7.4949998855590820313 10 9 5.7424998283386230469 5.7424998283386230469 10 5 10 7.4949998855590820313 11 11 16 17 16 13.494999885559082031 14 16 19 16.79199981689453125 16.395999908447265625 16.197999954223632813 16 14
10.197999954223632813 10.593999862670898438 6.8909997940063476563 8.1979999542236328125 8.395999908447265625 8.7699995040893554688 9 8.659999847412109375 8 8 10 10.329999923706054688 9.79199981689453125 10 10 9.659999847412109375 9.659999847412109375 11 13 11 9 8.79199981689453125 8.6929998397827148438 9 11 9 8.74250030517578125 9 8.4949998855590820313 7.7424998283386230469 7.4949998855590820313 7.371250152587890625 8 7 5.7424998283386230469 4.923999786376953125 4.9569997787475585938 7 13 10 11 15 15.494999885559082031 16 15 14 16.494998931884765625 16 16.79199981689453125 16.593999862670898438 18 17 15.494999885559082031
13 6.79199981689453125 13 8 12 10.79199981689453125 8.5500001907348632813 8.3299999237060546875 7 7 10 11 10 9.5939998626708984375 9.3299999237060546875 9.659999847412109375 9 9.4949998855590820313 13 9.4949998855590820313 9 9 8.79199981689453125 8.79199981689453125 10 11 10 9.4949998855590820313 9 7.7424998283386230469 7.6187496185302734375 8 7.2474999427795410156 7.1237497329711914063 5.4949998855590820313 9 4.8909997940063476563 10 15 12 11.494999885559082031 14 16 16.659999847412109375 16 15 14.84857177734375 14.565713882446289063 15 15.329999923706054688 17 17 16
6.5939998626708984375 6.6929998397827148438 15 10.395999908447265625 10.593999862670898438 10 9 8 8 5.9795236587524414063 9 13 9.395999908447265625 12 9 8.4949998855590820313 8.659999847412109375 8.8249998092651367188 9 9 9 10 8.8909997940063476563 8.8909997940063476563 10 9 8.4949998855590820313 8 7.8662500381469726563 7.659999847412109375 7.4949998855590820313 7.3299999237060546875 7.1649999618530273438 9 5.2474999427795410156 10 4.8579998016357421875 9 11 11.329999923706054688 13 13 16.329999923706054688 16.659999847412109375 16.659999847412109375 16.494998931884765625 17 14.707142829895019531 14.424285888671875 15.659999847412109375 15 15 16
