experiments/testB_ganges-brahmaputra/LFP/elevation_clipped_ASC.asc
ncols        400
nrows        154
xllcorner    89.000000000000
yllcorner    23.230000000000
cellsize     0.005000000000
NODATA_value  -9999
[rows 120 to 143 of 154, columns 265 to 317 of 400]
7 0.78554350137710571289 0.78554350137710571289 0.76402175426483154297 0.76402175426483154297 0.76402175426483154297 0.7532609105110168457 0.74250000715255737305 0.74250000715255737305 0.72097826004028320313 0.72097826004028320313 0.71021741628646850586 0.6994565129280090332 0.6994565129280090332 0.6994565129280090332 0.67793482542037963867 0.67793482542037963867 0.66717392206192016602 0.66717392206192016602 0.65641307830810546875 0.64565217494964599609 0.64565217494964599609 0.63489133119583129883 0.63489133119583129883 0.62413042783737182617 0.62413042783737182617 0.61336958408355712891 0.54880434274673461914 0.54880434274673461914 0.52728259563446044922 0.52728259563446044922 0.51652175188064575195 0.50576090812683105469 0.49500000476837158203 0.48423913121223449707 0.40891304612159729004 0.40891304612159729004 0.40891304612159729004 0.40891304612159729004 0.40891304612159729004 0.40891304612159729004 0.39815217256546020508 0.38739132881164550781 0.37663045525550842285 0.37663045525550842285 0.37663045525550842285 0.37663045525550842285 0.37663045525550842285 0.41798120737075805664 0.41798120737075805664 0.42487299442291259766 0.42487299442291259766 0.42487299442291259766
8 9 8 0.76402175426483154297 0.76402175426483154297 0.7532609105110168457 0.74250000715255737305 0.74250000715255737305 0.72097826004028320313 0.72097826004028320313 0.71021741628646850586 0.6994565129280090332 0.6994565129280090332 0.68869566917419433594 0.67793482542037963867 0.67793482542037963867 0.66717392206192016602 0.66717392206192016602 0.65641307830810546875 0.64565217494964599609 0.64565217494964599609 0.63489133119583129883 0.63489133119583129883 0.62413042783737182617 0.62413042783737182617 0.61336958408355712891 0.61336958408355712891 0.54880434274673461914 0.54880434274673461914 0.52728259563446044922 0.52728259563446044922 0.51652175188064575195 0.50576090812683105469 0.49500000476837158203 0.48423913121223449707 0.46271741390228271484 0.43043479323387145996 0.40891304612159729004 0.40891304612159729004 0.40891304612159729004 0.40891304612159729004 0.39815217256546020508 0.38739132881164550781 0.37663045525550842285 0.37663045525550842285 0.37663045525550842285 0.37663045525550842285 0.37663045525550842285 0.37663045525550842285 0.41798120737075805664 0.41798120737075805664 0.42487299442291259766 0.34434783458709716797
9 8.4949998855590820313 8 9 8 0.74250000715255737305 0.74250000715255737305 0.72097826004028320313 0.72097826004028320313 0.71021741628646850586 0.6994565129280090332 0.6994565129280090332 0.6994565129280090332 0.67793482542037963867 0.67793482542037963867 0.66717392206192016602 0.66717392206192016602 0.66717392206192016602 0.64565217494964599609 0.64565217494964599609 0.63489133119583129883 0.63489133119583129883 0.62413042783737182617 0.62413042783737182617 0.61336958408355712891 0.61336958408355712891 0.5595652461051940918 0.54880434274673461914 0.54880434274673461914 0.52728259563446044922 0.52728259563446044922 0.51652175188064575195 0.50576090812683105469 0.49500000476837158203 0.48423913121223449707 0.46271741390228271484 0.43043479323387145996 0.40891304612159729004 0.40891304612159729004 0.40891304612159729004 0.40891304612159729004 0.39815217256546020508 0.38739132881164550781 0.37663045525550842285 0.37663045525550842285 0.37663045525550842285 0.37663045525550842285 0.37663045525550842285 0.37663045525550842285 0.37663045525550842285 0.35510870814323425293 0.34434783458709716797 0.34434783458709716797
7.4949998855590820313 7.7424998283386230469 9 8.4949998855590820313 9 8 8 0.72097826004028320313 0.71021741628646850586 0.6994565129280090332 0.6994565129280090332 0.6994565129280090332 0.67793482542037963867 0.67793482542037963867 0.66717392206192016602 0.66717392206192016602 0.65641307830810546875 0.65641307830810546875 0.64565217494964599609 0.64565217494964599609 0.63489133119583129883 0.62413042783737182617 0.62413042783737182617 0.61336958408355712891 0.61336958408355712891 0.60260868072509765625 0.58108699321746826172 0.54880434274673461914 0.54880434274673461914 0.52728259563446044922 0.52728259563446044922 0.51652175188064575195 0.50576090812683105469 0.49500000476837158203 0.48423913121223449707 0.46271741390228271484 0.45195654034614562988 0.43043479323387145996 0.40891304612159729004 0.40891304612159729004 0.40891304612159729004 0.39815217256546020508 0.38739132881164550781 0.37663045525550842285 0.37663045525550842285 0.37663045525550842285 0.37663045525550842285 0.37663045525550842285 0.35510870814323425293 0.35510870814323425293 0.34434783458709716797 0.34434783458709716797 0.33358696103096008301
7.4949998855590820313 8 9.4949998855590820313 8.74250030517578125 9 8.4949998855590820313 7 7 0.6994565129280090332 0.6994565129280090332 0.6994565129280090332 0.67793482542037963867 0.67793482542037963867 0.66717392206192016602 0.66717392206192016602 0.65641307830810546875 0.65641307830810546875 0.64565217494964599609 0.64565217494964599609 0.63489133119583129883 0.62413042783737182617 0.62413042783737182617 0.61336958408355712891 0.61336958408355712891 0.60260868072509765625 0.58108699321746826172 0.58108699321746826172 0.54880434274673461914 0.54880434274673461914 0.52728259563446044922 0.52728259563446044922 0.51652175188064575195 0.50576090812683105469 0.49500000476837158203 0.48423913121223449707 0.46271741390228271484 0.45195654034614562988 0.43043479323387145996 0.43043479323387145996 0.40891304612159729004 0.40891304612159729004 0.39815217256546020508 0.38739132881164550781 0.37663045525550842285 0.37663045525550842285 0.37663045525550842285 0.36586958169937133789 0.35510870814323425293 0.35510870814323425293 0.34434783458709716797 0.34434783458709716797 0.33358696103096008301 0.33358696103096008301
8 8 8 8.4949998855590820313 8.2474994659423828125 9 8.4949998855590820313 8.4949998855590820313 8 8 0.67793482542037963867 0.67793482542037963867 0.66717392206192016602 0.66717392206192016602 0.65641307830810546875 0.65641307830810546875 0.64565217494964599609 0.64565217494964599609 0.63489133119583129883 0.62413042783737182617 0.62413042783737182617 0.61336958408355712891 0.61336958408355712891 0.60260868072509765625 0.60260868072509765625 0.58108699321746826172 0.5595652461051940918 0.54880434274673461914 0.54880434274673461914 0.52728259563446044922 0.52728259563446044922 0.51652175188064575195 0.50576090812683105469 0.49500000476837158203 0.48423913121223449707 0.46271741390228271484 0.44119566679000854492 0.43043479323387145996 0.43043479323387145996 0.419673919677734375 0.40891304612159729004 0.39815217256546020508 0.38739132881164550781 0.37663045525550842285 0.37663045525550842285 0.36586958169937133789 0.35510870814323425293 0.35510870814323425293 0.34434783458709716797 0.34434783458709716797 0.33358696103096008301 0.33358696103096008301 0.32282608747482299805
8.4949998855590820313 8 7 7 8 8 8 8 7.1979999542236328125 7 8 0.66717392206192016602 0.66717392206192016602 0.65641307830810546875 0.65641307830810546875 0.64565217494964599609 0.64565217494964599609 0.63489133119583129883 0.62413042783737182617 0.62413042783737182617 0.61336958408355712891 0.61336958408355712891 0.61336958408355712891 0.60260868072509765625 0.59184783697128295898 0.58108699321746826172 0.5595652461051940918 0.54880434274673461914 0.54880434274673461914 0.52728259563446044922 0.52728259563446044922 0.51652175188064575195 0.50576090812683105469 0.48423913121223449707 0.48423913121223449707 0.46271741390228271484 0.45195654034614562988 0.44119566679000854492 0.43043479323387145996 0.419673919677734375 0.40891304612159729004 0.39815217256546020508 0.38739132881164550781 0.37663045525550842285 0.36586958169937133789 0.35510870814323425293 0.35510870814323425293 0.34434783458709716797 0.34434783458709716797 0.33358696103096008301 0.33358696103096008301 0.32282608747482299805 0.30130434036254882813
8 7.395999908447265625 7.1979999542236328125 8 6.4949998855590820313 10 7.659999847412109375 7.395999908447265625 7.5939998626708984375 7.4949998855590820313 7 0.66717392206192016602 0.65641307830810546875 0.64565217494964599609 0.64565217494964599609 0.64565217494964599609 0.63489133119583129883 0.62413042783737182617 0.62413042783737182617 0.61336958408355712891 0.61336958408355712891 0.61336958408355712891 0.60260868072509765625 0.59184783697128295898 0.58108699321746826172 0.58108699321746826172 0.57032608985900878906 0.5595652461051940918 0.54880434274673461914 0.53804349899291992188 0.52728259563446044922 0.51652175188064575195 0.50576090812683105469 0.49500000476837158203 0.48423913121223449707 0.47347825765609741211 0.46271741390228271484 0.44119566679000854492 0.43043479323387145996 0.419673919677734375 0.40891304612159729004 0.39815217256546020508 0.38739132881164550781 0.36586958169937133789 0.36586958169937133789 0.35510870814323425293 0.34434783458709716797 0.34434783458709716797 0.33358696103096008301 0.33358696103096008301 0.32282608747482299805 0.30130434036254882813 0.30130434036254882813
8.4949998855590820313 7.5939998626708984375 8 8.4949998855590820313 6 9 7.3299999237060546875 7 7.79199981689453125 7.4949998855590820313 7 6 0.64565217494964599609 0.64565217494964599609 0.63489133119583129883 0.63489133119583129883 0.62413042783737182617 0.62413042783737182617 0.61336958408355712891 0.61336958408355712891 0.61336958408355712891 0.60260868072509765625 0.60260868072509765625 0.58108699321746826172 0.58108699321746826172 0.58108699321746826172 0.57032608985900878906 0.5595652461051940918 0.54880434274673461914 0.52728259563446044922 0.52728259563446044922 0.51652175188064575195 0.50576090812683105469 0.49500000476837158203 0.48423913121223449707 0.47347825765609741211 0.47347825765609741211 0.44119566679000854492 0.43043479323387145996 0.419673919677734375 0.40891304612159729004 0.39815217256546020508 0.36586958169937133789 0.36586958169937133789 0.36586958169937133789 0.35510870814323425293 0.34434783458709716797 0.33358696103096008301 0.33358696103096008301 0.32282608747482299805 0.30130434036254882813 0.30130434036254882813 0.29054349660873413086
7.79199981689453125 8 8 8 8 5.8485713005065917969 9 6.659999847412109375 6.3299999237060546875 6 5.1414284706115722656 5 0.64565217494964599609 0.63489133119583129883 0.63489133119583129883 0.62413042783737182617 0.62413042783737182617 0.61336958408355712891 0.61336958408355712891 0.61336958408355712891 0.60260868072509765625 0.60260868072509765625 0.59184783697128295898 0.58108699321746826172 0.58108699321746826172 0.58108699321746826172 0.57032608985900878906 0.5595652461051940918 0.54880434274673461914 0.52728259563446044922 0.52728259563446044922 0.51652175188064575195 0.50576090812683105469 0.49500000476837158203 0.48423913121223449707 0.47347825765609741211 0.46271741390228271484 0.44119566679000854492 0.43043479323387145996 0.419673919677734375 0.40891304612159729004 0.39815217256546020508 0.36586958169937133789 0.36586958169937133789 0.35510870814323425293 0.34434783458709716797 0.33358696103096008301 0.33358696103096008301 0.32282608747482299805 0.30130434036254882813 0.30130434036254882813 0.29054349660873413086 0.2797826230525970459
8.424285888671875 8.5657138824462890625 8.7071428298950195313 8.8485708236694335938 7 8 5.7071428298950195313 9 5.424285888671875 5.2828569412231445313 8 8 7.4949998855590820313 0.63489133119583129883 0.62413042783737182617 0.62413042783737182617 0.61336958408355712891 0.61336958408355712891 0.61336958408355712891 0.60260868072509765625 0.60260868072509765625 0.59184783697128295898 0.58108699321746826172 0.58108699321746826172 0.58108699321746826172 0.58108699321746826172 0.57032608985900878906 0.5595652461051940918 0.54880434274673461914 0.52728259563446044922 0.52728259563446044922 0.51652175188064575195 0.50576090812683105469 0.49500000476837158203 0.48423913121223449707 0.47347825765609741211 0.46271741390228271484 0.44119566679000854492 0.43043479323387145996 0.419673919677734375 0.40891304612159729004 0.39815217256546020508 0.36586958169937133789 0.36586958169937133789 0.35510870814323425293 0.34434783458709716797 0.33358696103096008301 0.33358696103096008301 0.31206521391868591309 0.30130434036254882813 0.29054349660873413086 0.2797826230525970459 0.2797826230525970459
8.2828569412231445313 8.7071428298950195313 9 8.84857177734375 8.4949998855590820313 8 7 5.5657143592834472656 8 7 6.4949998855590820313 6.4949998855590820313 6 7 0.62413042783737182617 0.61336958408355712891 0.61336958408355712891 0.61336958408355712891 0.60260868072509765625 0.60260868072509765625 0.59184783697128295898 0.58108699321746826172 0.58108699321746826172 0.58108699321746826172 0.58108699321746826172 0.58108699321746826172 0.57032608985900878906 0.5595652461051940918 0.54880434274673461914 0.52728259563446044922 0.52728259563446044922 0.51652175188064575195 0.50576090812683105469 0.49500000476837158203 0.48423913121223449707 0.47347825765609741211 0.46271741390228271484 0.44119566679000854492 0.43043479323387145996 0.419673919677734375 0.40891304612159729004 0.36586958169937133789 0.36586958169937133789 0.35510870814323425293 0.34434783458709716797 0.33358696103096008301 0.33358696103096008301 0.31206521391868591309 0.30130434036254882813 0.30130434036254882813 0.29054349660873413086 0.2797826230525970459 0.26902174949645996094
12 11 10 9.3299999237060546875 9 8.4949998855590820313 8 8 7 7.8485713005065917969 7.7071428298950195313 7.5657143592834472656 7 7 7 0.61336958408355712891 0.61336958408355712891 0.60260868072509765625 0.60260868072509765625 0.59184783697128295898 0.58108699321746826172 0.58108699321746826172 0.58108699321746826172 0.58108699321746826172 0.58108699321746826172 0.58108699321746826172 0.57032608985900878906 0.5595652461051940918 0.54880434274673461914 0.52728259563446044922 0.52728259563446044922 0.51652175188064575195 0.50576090812683105469 0.49500000476837158203 0.48423913121223449707 0.47347825765609741211 0.46271741390228271484 0.44119566679000854492 0.43043479323387145996 0.419673919677734375 0.40891304612159729004 0.36586958169937133789 0.36586958169937133789 0.35510870814323425293 0.34434783458709716797 0.33358696103096008301 0.33358696103096008301 0.31206521391868591309 0.29054349660873413086 0.29054349660873413086 0.2797826230525970459 0.2797826230525970459 0.26902174949645996094
10 8 10 9.659999847412109375 10 8.4949998855590820313 9 9 8 8.4949998855590820313 8 7.424285888671875 7.2828569412231445313 7.1414284706115722656 9 9 0.60260868072509765625 0.60260868072509765625 0.59184783697128295898 0.58108699321746826172 0.58108699321746826172 0.58108699321746826172 0.58108699321746826172 0.58108699321746826172 0.58108699321746826172 0.58108699321746826172 0.57032608985900878906 0.5595652461051940918 0.54880434274673461914 0.52728259563446044922 0.52728259563446044922 0.51652175188064575195 0.50576090812683105469 0.49500000476837158203 0.48423913121223449707 0.47347825765609741211 0.46271741390228271484 0.44119566679000854492 0.43043479323387145996 0.419673919677734375 0.36586958169937133789 0.36586958169937133789 0.36586958169937133789 0.35510870814323425293 0.34434783458709716797 0.33358696103096008301 0.31206521391868591309 0.29054349660873413086 0.29054349660873413086 0.2797826230525970459 0.2797826230525970459 0.26902174949645996094 0.26902174949645996094
9 7.4949998855590820313 8 8.74250030517578125 10.494999885559082031 9 9.4949998855590820313 8.4949998855590820313 10 10 9.4949998855590820313 9 9 9 9 9 9 8 0.58108699321746826172 0.58108699321746826172 0.58108699321746826172 0.58108699321746826172 0.58108699321746826172 0.58108699321746826172 0.58108699321746826172 0.58108699321746826172 0.57032608985900878906 0.5595652461051940918 0.54880434274673461914 0.52728259563446044922 0.52728259563446044922 0.51652175188064575195 0.50576090812683105469 0.49500000476837158203 0.48423913121223449707 0.47347825765609741211 0.46271741390228271484 0.44119566679000854492 0.43043479323387145996 0.419673919677734375 0.36586958169937133789 0.36586958169937133789 0.36586958169937133789 0.35510870814323425293 0.34434783458709716797 0.33358696103096008301 0.31206521391868591309 0.29054349660873413086 0.2797826230525970459 0.2797826230525970459 0.26902174949645996094 0.26902174949645996094 0.25826087594032287598
7.659999847412109375 7.3299999237060546875 7.4949998855590820313 8.4949998855590820313 8.2474994659423828125 9 10 9 9 8.4949998855590820313 9 9.4949998855590820313 8.3299999237060546875 8.659999847412109375 8 7 7.4949998855590820313 9 8.4949998855590820313 0.58108699321746826172 0.58108699321746826172 0.58108699321746826172 0.58108699321746826172 0.58108699321746826172 0.58108699321746826172 0.58108699321746826172 0.57032608985900878906 0.5595652461051940918 0.54880434274673461914 0.52728259563446044922 0.52728259563446044922 0.51652175188064575195 0.50576090812683105469 0.49500000476837158203 0.48423913121223449707 0.47347825765609741211 0.46271741390228271484 0.44119566679000854492 0.43043479323387145996 0.419673919677734375 0.36586958169937133789 0.36586958169937133789 0.36586958169937133789 0.35510870814323425293 0.34434783458709716797 0.33358696103096008301 0.31206521391868591309 0.2797826230525970459 0.2797826230525970459 0.26902174949645996094 0.26902174949645996094 0.25826087594032287598 0.25826087594032287598
9 7.4949998855590820313 7 8 8 9 8.659999847412109375 8.3299999237060546875 8 7 8 9.4949998855590820313 8 8 6.79199981689453125 7 7.4949998855590820313 7.659999847412109375 8 7 0.58108699321746826172 0.58108699321746826172 0.58108699321746826172 0.58108699321746826172 0.58108699321746826172 0.58108699321746826172 0.57032608985900878906 0.5595652461051940918 0.54880434274673461914 0.52728259563446044922 0.52728259563446044922 0.51652175188064575195 0.50576090812683105469 0.49500000476837158203 0.48423913121223449707 0.47347825765609741211 0.46271741390228271484 0.44119566679000854492 0.43043479323387145996 0.419673919677734375 0.36586958169937133789 0.36586958169937133789 0.36586958169937133789 0.35510870814323425293 0.34434783458709716797 0.33358696103096008301 0.31206521391868591309 0.2797826230525970459 0.26902174949645996094 0.26902174949645996094 0.25826087594032287598 0.25826087594032287598 0.25826087594032287598
9 9.4949998855590820313 8 6.79199981689453125 6.5939998626708984375 8 8 8 6.7424998283386230469 7 9 9 7 6.395999908447265625 6.5939998626708984375 8 9 8 7.3299999237060546875 9 8 9 0.58108699321746826172 0.58108699321746826172 0.58108699321746826172 0.58108699321746826172 0.57032608985900878906 0.5595652461051940918 9.4949998855590820313 9 0.52728259563446044922 0.51652175188064575195 0.50576090812683105469 0.98892974853515625 0.98892974853515625 0.98785948753356933594 0.98678922653198242188 0.98571896553039550781 0.98464864492416381836 0.419673919677734375 0.36586958169937133789 0.36586958169937133789 0.36586958169937133789 0.35510870814323425293 0.34434783458709716797 0.33358696103096008301 0.31206521391868591309 0.26902174949645996094 0.26902174949645996094 0.25826087594032287598 0.25826087594032287598 0.25826087594032287598 0.24750000238418579102
5.4949998855590820313 10 9 7.4949998855590820313 7 6.395999908447265625 6.1979999542236328125 7 6.4949998855590820313 8 9 8 6 6.1979999542236328125 8.659999847412109375 9 10 11 11 10 10 11 11 10 10 10 8 10 9 10 10.494999885559082031 8 9 8 0.98892974853515625 0.98678922653198242188 0.98678922653198242188 0.98571896553039550781 0.98464864492416381836 0.9835783839225769043 0.36586958169937133789 0.36586958169937133789 0.36586958169937133789 0.35510870814323425293 0.34434783458709716797 0.98464870452880859375 0.98464870452880859375 0.26902174949645996094 0.25826087594032287598 0.25826087594032287598 0.25826087594032287598 0.24750000238418579102 0.23673912882804870605
5.371250152587890625 9 8.4949998855590820313 8.4949998855590820313 8 8.4949998855590820313 8 6 6.2474999427795410156 7.659999847412109375 8 6 5.4949998855590820313 8.3299999237060546875 10 9 10 11 10 9 11 10.494999885559082031 11 10 8 7 7.4949998855590820313 7.4949998855590820313 8 9 9.4949998855590820313 10 7.3299999237060546875 7 8.4949998855590820313 8 9 0.98464864492416381836 0.9835783839225769043 0.9835783839225769043 0.98250812292098999023 0.98143786191940307617 0.98036760091781616211 0.97929733991622924805 0.98286491632461547852 0.98464870452880859375 0.98464870452880859375 0.98643243312835693359 0.25826087594032287598 0.25826087594032287598 0.20445652306079864502 0.20445652306079864502 0.20445652306079864502
9 5.2474999427795410156 8.4949998855590820313 8 7.659999847412109375 8 6.7424998283386230469 4.9580640792846679688 6 7.3299999237060546875 7 5 8 8.3299999237060546875 8.659999847412109375 8.659999847412109375 11 8.74250030517578125 8.4949998855590820313 8.2474994659423828125 11 10 8.659999847412109375 8 7.659999847412109375 6.4949998855590820313 7 7 8 11 12 9 8 7.659999847412109375 8.4949998855590820313 9 8 5.0942854881286621094 5 7 0.98143786191940307617 0.98143786191940307617 0.98036760091781616211 0.97929733991622924805 0.98286491632461547852 0.98464870452880859375 0.98643243312835693359 0.98643243312835693359 0.19369566440582275391 0.19369566440582275391 0.19369566440582275391 0.19369566440582275391 0.19369566440582275391
9 8 5.1237497329711914063 9 7 7.3299999237060546875 6.4949998855590820313 4.9261288642883300781 4.8941936492919921875 7 4.9687094688415527344 8 7.8249998092651367188 8 9 10 9.4949998855590820313 9.4949998855590820313 10 8 10 10 8.3299999237060546875 7.3299999237060546875 9 6 5 8 8.1979999542236328125 8.4949998855590820313 9 10 8.4949998855590820313 8 8.659999847412109375 8.3299999237060546875 5.1414284706115722656 5.0471429824829101563 9 8 9 0.97822707891464233398 0.97929733991622924805 0.98108112812042236328 0.98286491632461547852 0.98643243312835693359 0.98643243312835693359 0.98643243312835693359 0.19369566440582275391 0.19369566440582275391 0.19369566440582275391 0.19369566440582275391 0.19369566440582275391
9 8.3299999237060546875 8 5 4.9580640792846679688 7 6.2474999427795410156 4.8941936492919921875 8 4.9261288642883300781 4.9474191665649414063 7.4949998855590820313 7.659999847412109375 8 8 11 9 11 10 7.659999847412109375 10 10.494999885559082031 8 7 9 3.9728572368621826172 9 9 8.395999908447265625 9 9.4949998855590820313 12 9 5.2828569412231445313 5.2357144355773925781 5.1885714530944824219 7 8 8.79199981689453125 8.5939998626708984375 9 0.97822707891464233398 0.97822707891464233398 0.97822707891464233398 0.98286491632461547852 0.98821622133255004883 0.98821622133255004883 0.98821622133255004883 0.19369566440582275391 0.19369566440582275391 0.19369566440582275391 0.19369566440582275391 0.19369566440582275391
9 8.659999847412109375 9 8.4949998855590820313 8 4.9261288642883300781 6 4.8622579574584960938 4.8835482597351074219 4.90483856201171875 7.1649999618530273438 7.3299999237060546875 7.7424998283386230469 9 8.3299999237060546875 9.4949998855590820313 10 8 8 7.3299999237060546875 9 10 10 3.9385714530944824219 3.9557142257690429688 8 8.4949998855590820313 10 10 8.5939998626708984375 9 10 8 5.3299999237060546875 9 8 7.1649999618530273438 9 9 8.395999908447265625 5 8 0.97822707891464233398 0.97715681791305541992 8 0.98821622133255004883 0.98821622133255004883 0.98821622133255004883 0.19369566440582275391 0.19369566440582275391 0.19369566440582275391 0.19369566440582275391 0.19369566440582275391
