experiments/testB_ganges-brahmaputra/LFP/elevation_ASC.asc
ncols        400
nrows        600
xllcorner    89.000000000000
yllcorner    21.000000000005
cellsize     0.005000000000
NODATA_value  -9999
[rows 130 to 155 of 600, columns 58 to 115 of 400]
11 11 8 10 9 11 8 10 12 11 11.494999885559082031 10 9 7.79199981689453125 7.79199981689453125 6.4949998855590820312 7 8 6.659999847412109375 6.3299999237060546875 6 6 6.659999847412109375 6 6 6 4.4949998855590820312 4 2.9784648418426513672 7 8 7 6.424285888671875 8.3299999237060546875 8.659999847412109375 9 10 8.1979999542236328125 8 7.5657143592834472656 8 10.494999885559082031 10 8 8.2474994659423828125 3.4591305255889892578 11 7.1979999542236328125 8 8.659999847412109375 9 8 9 8.4949998855590820312 8 7.659999847412109375 7.4619998931884765625 11
9 9 7 6 5.9517464637756347656 10 10 8.6187496185302734375 8.74250030517578125 8.8662500381469726562 12 10.494999885559082031 10 7.79199981689453125 7.5939998626708984375 7 6.2474999427795410156 9 6.659999847412109375 6.4949998855590820312 6 6.3299999237060546875 7 7 8 5 5.659999847412109375 5.3299999237060546875 5 2.9765422344207763672 7 6.4949998855590820312 6.2828569412231445312 8 8 8 8 10 9 9 7.424285888671875 12 3.4017391204833984375 3.4160869121551513672 9 3.4447827339172363281 11 8 8.3299999237060546875 8.659999847412109375 7.4949998855590820312 8 10 8.4949998855590820312 8 7.5939998626708984375 10 9
6.7424998283386230469 6.659999847412109375 7 5.875240325927734375 5.9134936332702636719 8.371250152587890625 8.4949998855590820312 9 6.659999847412109375 6.659999847412109375 9 11 11 9 7.395999908447265625 7 6 8 8 9 6.4949998855590820312 6.659999847412109375 6.659999847412109375 6 6 6 6 6.4949998855590820312 6 9 2.9746196269989013672 6 6.1414284706115722656 6.4949998855590820312 7 7.4949998855590820312 9 9.4949998855590820312 10 7.1414284706115722656 7.2828569412231445312 3.3873913288116455078 12 10 3.4304347038269042969 13 11 10 8 7 6.3299999237060546875 7 7.4949998855590820312 8 7.79199981689453125 7.395999908447265625 7.1979999542236328125 7
6.4949998855590820312 6.3299999237060546875 6 5.8369870185852050781 8.1237497329711914062 8.2474994659423828125 11 6.3299999237060546875 11 7 7.4949998855590820312 11 12 11 7.1979999542236328125 7.4949998855590820312 5.4949998855590820312 8 8 9 7 6 7 7 8 7 6.4949998855590820312 7 8 8 8 2.9726972579956054688 6 6 9 8 7.7424998283386230469 8 11 9 7 3.3730435371398925781 3.4376087188720703125 3.5165219306945800781 11 10.329999923706054688 10.659999847412109375 9 7 6 6 6.659999847412109375 7 9 8 6.9074997901916503906 6.8249998092651367188 6.7424998283386230469
6.4949998855590820312 6.2474999427795410156 6 5.7987341880798339844 8 12 9 6 9 8.659999847412109375 11 9 7 8 11 7.4949998855590820312 6.4949998855590820312 5 7 9 9 9 9 8 8.4949998855590820312 7 8 7.4949998855590820312 9 7 6 2.9707746505737304688 4 7 10 9 8 7.4949998855590820312 9 7 6 3.3586957454681396484 10 3.5954349040985107422 10 11 10 4.4949998855590820312 4.7424998283386230469 5.659999847412109375 6 7 9 10 9 10 9 8.4949998855590820312
9 5.7826924324035644531 5.7752885818481445312 5.7678847312927246094 5.7604808807373046875 5.7530770301818847656 5.7456731796264648438 8 8.3299999237060546875 11 10 8.89571380615234375 6 5.9016070365905761719 8 7 6 6.4949998855590820312 4.923999786376953125 7 6.659999847412109375 6.659999847412109375 6.7424998283386230469 6.4949998855590820312 7 8.4949998855590820312 7.659999847412109375 8 7 7 5.4949998855590820312 2.9688520431518554688 3 9 10 8 9 10 7.2474999427795410156 8 4 3.3443479537963867188 12 9 3.6743478775024414062 11 4 4.2474999427795410156 5.3299999237060546875 8 8.4949998855590820312 7 7.4949998855590820312 8 8.4949998855590820312 8.659999847412109375 8.3299999237060546875 8
12 5.790096282958984375 14 14.494999885559082031 11 10 5.7382693290710449219 5.730865478515625 10 12 8.7071428298950195312 8.8014287948608398438 5.872142791748046875 5.8132143020629882812 5.7248215675354003906 5.8132143020629882812 5 6 4.8579998016357421875 9 6.3299999237060546875 6.3299999237060546875 7 6.2474999427795410156 10.494999885559082031 9 7.3299999237060546875 8 8.4949998855590820312 8 5 2.9669296741485595703 6 8 6.4949998855590820312 6.4949998855590820312 6 8 10 3.3156521320343017578 3.3299999237060546875 13 11 8 7 3.7532608509063720703 3.8321738243103027344 5 4 4.1979999542236328125 4.4619998931884765625 5 6 6.4949998855590820312 9 8.4949998855590820312 8 6.6929998397827148438
5.7975001335144042969 6 10 10.494999885559082031 10.659999847412109375 10.329999923706054688 9 5.7234616279602050781 9 10 11 8.6128568649291992188 6 5.7542853355407714844 5.6364283561706542969 6 4.7259998321533203125 4.79199981689453125 10 7 6 6 6 6 11 10 8 7 12 8 2.9630844593048095703 2.9650070667266845703 7 6.659999847412109375 6 5.659999847412109375 5.3299999237060546875 5 3.3013043403625488281 12 10 8.3299999237060546875 8.659999847412109375 8 6 7 5 3.9110870361328125 6 4.395999908447265625 4.5939998626708984375 4.7259998321533203125 7 7.4949998855590820312 7 6.8414998054504394531 6.76725006103515625 8
7 8 6.2474999427795410156 7 9.659999847412109375 9.3299999237060546875 12 5.7160577774047851562 5.7086539268493652344 11 8.5185708999633789062 8.424285888671875 8.659999847412109375 8 5.5480356216430664062 7 6 4.659999847412109375 4.5939998626708984375 4.5279998779296875 4.4619998931884765625 4.395999908447265625 4.3299999237060546875 4.26399993896484375 4.1979999542236328125 4.131999969482421875 4.0659999847412109375 4 11 2.9592394828796386719 2.9611620903015136719 6 6.4949998855590820312 7 6.3299999237060546875 6.4949998855590820312 6 11 3.2869565486907958984 13 7 8 6.4949998855590820312 6.659999847412109375 6.2474999427795410156 6.4949998855590820312 5.1979999542236328125 5 4 4.2474999427795410156 4.79199981689453125 5 7 7.4949998855590820312 6.9157495498657226562 8 8 8.4949998855590820312
7.3299999237060546875 8.4949998855590820312 6.4949998855590820312 7 9.659999847412109375 13.494999885559082031 13 5.7837495803833007812 5.7424998283386230469 5.7012500762939453125 11 8.3299999237060546875 9 7 5.4596428871154785156 5.371250152587890625 5.3299999237060546875 5.28874969482421875 5.2474999427795410156 5.2062501907348632812 5.1649999618530273438 5.1237497329711914062 5.0824999809265136719 5.0412502288818359375 5 9 2.9626040458679199219 2.9580378532409667969 2.9553945064544677734 2.9573168754577636719 6 9 9 7 5.5939998626708984375 6 5 3.2726087570190429688 14 10 6.1649999618530273438 6.3299999237060546875 7 7 6.8249998092651367188 6.7424998283386230469 5.5939998626708984375 5.395999908447265625 5 4.4949998855590820312 4.7424998283386230469 6 6.3299999237060546875 8 8 7.659999847412109375 8 10
8 7.659999847412109375 6.7424998283386230469 6.6929998397827148438 7 6 5.8662500381469726562 5.8249998092651367188 11 5.659999847412109375 5.6187496185302734375 8 10 9 5.4124999046325683594 10 7 7.3299999237060546875 6 6 10 13 9.3299999237060546875 11 9 2.9671700000762939453 2.9717359542846679688 7 2.9534718990325927734 9 6.4949998855590820312 10 7 5.79199981689453125 5.395999908447265625 5.1979999542236328125 8 3.2582609653472900391 14 9 6 7 9 8 8.4949998855590820312 7 5.79199981689453125 5.5939998626708984375 5.4949998855590820312 5.4949998855590820312 5 6 6.659999847412109375 5.659999847412109375 7 7.3299999237060546875 8.8662500381469726562 8.74250030517578125
7.6966662406921386719 8 7 6.5939998626708984375 6.395999908447265625 6.1979999542236328125 5.9074997901916503906 10 10 7 5.5774998664855957031 5.5362501144409179688 5.4949998855590820312 5.4537496566772460938 8 13 10 7.659999847412109375 6.3299999237060546875 9 6.2474999427795410156 10 9.659999847412109375 11 10 2.9763019084930419922 6 6 2.9515492916107177734 8.3299999237060546875 8.659999847412109375 11 7 6 7 7 8.4949998855590820312 3.2439129352569580078 12 5.4949998855590820312 5.7424998283386230469 8 7.2474999427795410156 8 10 8 7.4949998855590820312 6 5 6 5.4949998855590820312 5.7424998283386230469 5.3299999237060546875 6 7 8 9.4949998855590820312 9
7.5499997138977050781 7.659999847412109375 8 6.79199981689453125 7.4949998855590820312 7 5.948749542236328125 9 11 9 10 6 12 13 8.2474994659423828125 13 10 9 8 6.659999847412109375 6.6187496185302734375 6.4949998855590820312 8 6 6 2.9808678627014160156 5.4949998855590820312 5 2.9496266841888427734 8 8.3299999237060546875 8.659999847412109375 9 6.659999847412109375 6.3299999237060546875 8 10 3.2295651435852050781 12 5.2474999427795410156 9 8.2474994659423828125 7.4949998855590820312 7.7424998283386230469 6.79199981689453125 7 7.4949998855590820312 6 4.4949998855590820312 5 5.2474999427795410156 5.4949998855590820312 5 7 7.3299999237060546875 7.659999847412109375 8 7
7.4949998855590820312 7.3299999237060546875 7 6.659999847412109375 6.3299999237060546875 6 6 8 9.4949998855590820312 12 12 6.1979999542236328125 12 13 8.4949998855590820312 11 10 12 10 8 6.7424998283386230469 6 5.4949998855590820312 5 2.9854340553283691406 5 3.6600000858306884766 3.4949998855590820312 2.947704315185546875 8 8.4949998855590820312 9 10 6.659999847412109375 5.4949998855590820312 6 8.4949998855590820312 10 3.2152173519134521484 5 9.4949998855590820312 8.4949998855590820312 8.74250030517578125 6.395999908447265625 6.5939998626708984375 8 9 6 4 5 6 4 5 5.4949998855590820312 5.4949998855590820312 6 6 6.4949998855590820312
11 7.4949998855590820312 8 7 7 10 9 6.4949998855590820312 7 6.5939998626708984375 6.395999908447265625 9 7 7.3299999237060546875 8.74250030517578125 11 9 11 10 7 7 6.4949998855590820312 6 5 5 3.8250000476837158203 6 7 3.3299999237060546875 2.945781707763671875 8 5 6 6 5.4949998855590820312 5 8 10 11 3.2008695602416992188 3.1865217685699462891 11 9.4949998855590820312 6.1979999542236328125 8 7 7.4949998855590820312 8 5 3.6510326862335205078 3.7640218734741210938 3.8770108222961425781 6 5.4949998855590820312 4.4949998855590820312 5.3299999237060546875 5.659999847412109375 6
12 10 11 9.659999847412109375 9 8.4949998855590820312 8 7 6.79199981689453125 6.5939998626708984375 7 12 8 7.3299999237060546875 7.659999847412109375 8 8 8 9 7 8 6.4949998855590820312 6 5.3299999237060546875 4 6 8 9 3.1649999618530273438 3 2.943859100341796875 6 5.4949998855590820312 5 4 5 7 9 11.494999885559082031 11 3.2869565486907958984 3.1721739768981933594 9 8 6 7 6.3299999237060546875 6.659999847412109375 6 3.5380434989929199219 6 7 5.79199981689453125 5 5 5.2474999427795410156 5.4949998855590820312 5.7424998283386230469
11 9.74250030517578125 12 9.3299999237060546875 8 7.659999847412109375 7.3299999237060546875 7.4949998855590820312 7 6.79199981689453125 8 10 7.659999847412109375 7.659999847412109375 7.659999847412109375 7.4949998855590820312 7 6.7424998283386230469 8 6.7424998283386230469 6.2474999427795410156 6 5.659999847412109375 6 5 6.4949998855590820312 6 5 6.4949998855590820312 6 2.9419367313385009766 5 6 5 4 3.8895652294158935547 7 10 10 3.3873913288116455078 4 10 3.1578261852264404297 3.1434781551361083984 3.1291303634643554688 9 6 6 3.4250543117523193359 5.1979999542236328125 5.395999908447265625 5.5939998626708984375 6 4 5.659999847412109375 6 6 6
9.2474994659423828125 9.4949998855590820312 11 10 9.659999847412109375 10 8 8 7.2474999427795410156 8 10 8.8249998092651367188 8.659999847412109375 11 7.3299999237060546875 7 6.7424998283386230469 6.4949998855590820312 7 6.7424998283386230469 6.4949998855590820312 6 5.6187496185302734375 5.2474999427795410156 6 7 6.4949998855590820312 5.4949998855590820312 6.4949998855590820312 8 2.9400141239166259766 7 5 5.4949998855590820312 5 5 3.7891304492950439453 3.6886956691741943359 7 3.4878261089324951172 4.1237497329711914062 8 10 9 4 3.1147825717926025391 9 3.3120653629302978516 5 8 7 3.7640218734741210938 3.8770108222961425781 5 5.3299999237060546875 7 5.8799996376037597656 6
11 11 8 9.3299999237060546875 10 10 12 10 11 7.4949998855590820312 9 9.4949998855590820312 8.4949998855590820312 8.3299999237060546875 9 6.659999847412109375 6.4949998855590820312 6.2474999427795410156 6.79199981689453125 8 6.4949998855590820312 6 7 5.4949998855590820312 6.4949998855590820312 10 8 9 9 2.9483449459075927734 10 2.9316830635070800781 5 5 5.4949998855590820312 4.7424998283386230469 4.4949998855590820312 4 3.5882608890533447266 5 4.2474999427795410156 6 7 5 6 10 3.1004347801208496094 3.1990761756896972656 3.31206512451171875 3.4250543117523193359 3.5380434989929199219 3.6510326862335205078 5 6.80437469482421875 6 6.8662500381469726562 5.7699999809265136719 5.8800001144409179688
11 10.494999885559082031 9 9 11 7.395999908447265625 7.5939998626708984375 7.79199981689453125 8 11 8 7.7424998283386230469 7.4949998855590820312 8.1649999618530273438 8 6.3299999237060546875 6.2474999427795410156 6 6.5939998626708984375 6.4949998855590820312 9 6.4949998855590820312 6 5.7424998283386230469 7 10 6.4949998855590820312 7 7 2.9566760063171386719 9.4949998855590820312 9 2.9233520030975341797 6 6.4949998855590820312 6 4.2474999427795410156 7 5.4949998855590820312 4.371250152587890625 6 8 8 5.3299999237060546875 6.4949998855590820312 8 3.0860869884490966797 9 8 8 9 8 8 6.6187496185302734375 6.7424998283386230469 5.659999847412109375 5.7149996757507324219 6
10 10 7 11 7 7.1979999542236328125 10.659999847412109375 7.7259998321533203125 7.8579998016357421875 10 7.7424998283386230469 8.4949998855590820312 10 8 7 6 6 5.4949998855590820312 6.395999908447265625 6 7 7 6 7 9 7 6 5 2.9650070667266845703 7 7.3299999237060546875 7 2.9150209426879882812 7 7 6 4.4949998855590820312 5 5 4.4949998855590820312 4.6187496185302734375 5.659999847412109375 5.3299999237060546875 5.659999847412109375 7 8 3.07173919677734375 3.0573914051055908203 8 7 8 9 9 6.4949998855590820312 8 6 5.5500001907348632812 6
7 7.4949998855590820312 5.659999847412109375 6 6.4949998855590820312 6 9 10.329999923706054688 10 11 10 11 7 6 6 5 3.9449999332427978516 5 6.1979999542236328125 5.4949998855590820312 6.4949998855590820312 7 9 9 9 8 7 2.9733381271362304688 6 7.659999847412109375 8 2.9344601631164550781 9 2.9066901206970214844 2.8983590602874755859 7 4 4.3299999237060546875 4.659999847412109375 4.6806249618530273438 4.7424998283386230469 5.659999847412109375 5.659999847412109375 6 7 9 7 3.0430433750152587891 3.0286955833435058594 3.0143477916717529297 10 9 6.371250152587890625 8 6.7424998283386230469 5.4400000572204589844 5.3299999237060546875 6
6 7 5.3299999237060546875 4.659999847412109375 5.7424998283386230469 6.4949998855590820312 7 9 9 7.659999847412109375 10 10 7.4949998855590820312 6 5.4949998855590820312 5 3.9450001716613769531 3.9000000953674316406 6 6 6 5.79199981689453125 8 8 7 6.4949998855590820312 7 2.9816689491271972656 8.4949998855590820312 8 2.9622299671173095703 2.948345184326171875 2.9205751419067382812 11 10 2.8900279998779296875 6 4.4949998855590820312 4.7424998283386230469 4.8662500381469726562 4.8662500381469726562 6 6.4949998855590820312 9 7 7.1979999542236328125 10 11 9 10 3 11 10 6.2474999427795410156 6.4949998855590820312 5.1649999618530273438 8 5.4949998855590820312
5 5 5 4.3299999237060546875 5.4949998855590820312 6 7.4949998855590820312 10 10 7.659999847412109375 7.3299999237060546875 7 6.4949998855590820312 6 7 7.4949998855590820312 7 8 3.8550000190734863281 5 5.395999908447265625 5.5939998626708984375 6 9 8 6 4 5 5.1237497329711914062 8 2.9761149883270263672 7 8 11 8 2.8816969394683837891 4 4.2474999427795410156 4.4949998855590820312 5.4949998855590820312 5.4949998855590820312 7.4949998855590820312 7 7.4949998855590820312 7.6929998397827148438 7.395999908447265625 8.4949998855590820312 8 8 8 9 2.8965001106262207031 10 6.1237497329711914062 6.2474999427795410156 5 9 7
5 4 4 4 5.2474999427795410156 6.7424998283386230469 8 8 9 11 8 7.4949998855590820312 9 7.79199981689453125 9 9 7 6 3.8099999427795410156 5 5.1979999542236328125 5 8 8 7 4.4949998855590820312 7 5.371250152587890625 5.2474999427795410156 7 4 8 10.494999885559082031 10 8.4949998855590820312 12 2.8733661174774169922 6 4 5 5 10 6.4949998855590820312 7.79199981689453125 7.5939998626708984375 10 10 7.4949998855590820312 7 6 2.9019999504089355469 12 2.8910000324249267578 11 6 4 8 6
7 5.8414998054504394531 3.9450001716613769531 3.9450001716613769531 5 5 6.4949998855590820312 7 6.4949998855590820312 7 10 10 9 7.5939998626708984375 7.395999908447265625 7.4949998855590820312 6 3.7649998664855957031 5.3299999237060546875 5.659999847412109375 6 7 9 10 9 6 6 5.4949998855590820312 5.395999908447265625 7 4.4949998855590820312 8 11 9 6.4400000572204589844 6.3299999237060546875 6 2.8650350570678710938 2.8567039966583251953 2.8483729362487792969 2.8400421142578125 8 6 9 11 10.329999923706054688 10 6 5 2.9075000286102294922 9 9.4949998855590820312 9 2.8854999542236328125 2.8800001144409179688 2.8745000362396240234 2.8689999580383300781 2.8635001182556152344
