experiments/testB_ganges-brahmaputra/LFP/elevation_clipped_ASC.asc
ncols        400
nrows        154
xllcorner    89.000000000000
yllcorner    23.230000000000
cellsize     0.005000000000
NODATA_value  -9999
[rows 0 to 23 of 154, columns 0 to 52 of 400]
14.659999847412109375 15 12 15 16.494998931884765625 15.494999885559082031 2.9536697864532470703 2.9536697864532470703 2.9536697864532470703 2.9536697864532470703 2.9536697864532470703 2.9536697864532470703 2.9536697864532470703 2.9536697864532470703 13 13.494999885559082031 14 13.494999885559082031 14.494999885559082031 13 12 7 14 14 13 6.8909997940063476563 9 14 14.197999954223632813 14.395999908447265625 14.593999862670898438 15 15.494999885559082031 15 13 14 14.197999954223632813 14.395999908447265625 16 14.707142829895019531 16 17.494998931884765625 18 18.494998931884765625 19 19 18 18 17 18 16.659999847412109375 16.329999923706054688 16
16 14.329999923706054688 14 11.866250038146972656 16 15.494999885559082031 15 2.9445872306823730469 2.9445872306823730469 2.9445872306823730469 2.9355046749114990234 2.9355046749114990234 2.926422119140625 2.9082570075988769531 2.8991742134094238281 14 14 13.74250030517578125 14 6.2969999313354492188 6.395999908447265625 6.4949998855590820313 6.5939998626708984375 6.6929998397827148438 6.79199981689453125 12 13 8 14 14 14.329999923706054688 14.659999847412109375 15 12 15 13.494999885559082031 17 16 14.424285888671875 14.565713882446289063 18 17 17 15.494999885559082031 17 17 17 17 16 17 16 15 14.79199981689453125
17 19 17 16 11.74250030517578125 15 14 2.9445872306823730469 2.9355046749114990234 2.9355046749114990234 2.9355046749114990234 2.926422119140625 2.926422119140625 2.9082570075988769531 2.8991742134094238281 2.8991742134094238281 2.8991742134094238281 14 14 6.1979999542236328125 13 14 14 15 14 14.74250030517578125 14 13 13.494999885559082031 13.494999885559082031 15 11.329999923706054688 11.659999847412109375 14.659999847412109375 16 16 14 14.141428947448730469 14.282856941223144531 17 17 16 15.494999885559082031 15 15 15 15.74250030517578125 15 15 18 17 15.494999885559082031 15
18 17 17.494998931884765625 18 17 11.618749618530273438 11.494999885559082031 15 2.9355046749114990234 2.926422119140625 2.926422119140625 2.926422119140625 2.917339324951171875 2.9082570075988769531 2.8991742134094238281 2.8991742134094238281 2.8900916576385498047 2.8719265460968017578 6.0989999771118164063 6 14.659999847412109375 14.329999923706054688 15 14.494999885559082031 14.247499465942382813 14.494999885559082031 14.494999885559082031 14.494999885559082031 14 13 11 14.329999923706054688 15 15 16 17 16 14.494999885559082031 15 16 15.494999885559082031 15 15 14.494999885559082031 14.494999885559082031 15.494999885559082031 15 14.79199981689453125 14.593999862670898438 14.395999908447265625 16.494998931884765625 16 14.79199981689453125
17 16 17 18 17.494998931884765625 17 11.371250152587890625 11.247499465942382813 15 2.926422119140625 2.926422119140625 2.917339324951171875 2.917339324951171875 2.9082570075988769531 2.8991742134094238281 2.8900916576385498047 2.8719265460968017578 2.8719265460968017578 2.8719265460968017578 11 14 13 8.1979999542236328125 8.395999908447265625 14 14 14 14 14 9.4949998855590820313 14 15 15.197999954223632813 15.395999908447265625 15.593999862670898438 15.79199981689453125 17 16 13.74250030517578125 13.494999885559082031 13.247499465942382813 13 14 14 15.247499465942382813 16 16.494998931884765625 16 15 14.197999954223632813 14 16.494998931884765625 15
15 15.329999923706054688 15.659999847412109375 18 17 16 18.494998931884765625 11.123749732971191406 11 15 2.917339324951171875 2.917339324951171875 2.917339324951171875 2.9082570075988769531 2.8991742134094238281 2.8810091018676757813 2.8810091018676757813 2.8719265460968017578 2.8628439903259277344 2.8628439903259277344 2.8537614345550537109 8 13 14 8.5939998626708984375 8.79199981689453125 8.79199981689453125 13 13.494999885559082031 9 7.79199981689453125 16 17 15.247499465942382813 15.494999885559082031 15.74250030517578125 16 16.494998931884765625 16 15 14.494999885559082031 14 12 15 17 16.659999847412109375 17 16 16 15 11.824999809265136719 16 17
13 13.494999885559082031 14 17 15 16 18 18 17 10.494999885559082031 10 2.917339324951171875 2.917339324951171875 2.9082570075988769531 2.8991742134094238281 2.8810091018676757813 2.8719265460968017578 2.8628439903259277344 2.8628439903259277344 2.8537614345550537109 2.8446788787841796875 2.8355963230133056641 2.8355963230133056641 14 14 14 13 12 12.494999885559082031 13 7.5939998626708984375 15 15 15 15 15.494999885559082031 14.494999885559082031 15 17 15 16 10.659999847412109375 11 17 18 16.329999923706054688 15 15 15 15.494999885559082031 11.659999847412109375 14 17
14 13.494999885559082031 13.824999809265136719 14.659999847412109375 14.329999923706054688 14 17 17 16.494998931884765625 16 18 15 18 17 16 16.494998931884765625 18 10 2.8628439903259277344 2.8446788787841796875 2.8446788787841796875 2.8355963230133056641 2.8265137672424316406 2.8265137672424316406 2.8083486557006835938 14.494999885559082031 14 13 14 13 11 7.395999908447265625 13 13 14 13 14 14 15.494999885559082031 15.494999885559082031 10.329999923706054688 15 17 17 17 16 15 14 13 14 16 11.494999885559082031 15
15 14 15 13.659999847412109375 13.494999885559082031 13.329999923706054688 13.494999885559082031 13 14 16 16 15.329999923706054688 16 15.659999847412109375 17 16.494998931884765625 16 10.082500457763671875 18 2.8446788787841796875 2.8446788787841796875 2.8265137672424316406 2.8265137672424316406 2.8174312114715576172 2.8083486557006835938 2.7992660999298095703 2.7901835441589355469 2.7811009883880615234 2.7720184326171875 12 13 12 7.1979999542236328125 11 12 2.9052293300628662109 2.9052293300628662109 13 15 15 10 15 16 16 15.494999885559082031 15 17 16 16 11.494999885559082031 14.494999885559082031 15 11.329999923706054688
17 17 15.494999885559082031 15 14.494999885559082031 14 13.164999961853027344 13 12.494999885559082031 12 15 15.659999847412109375 15 15.329999923706054688 15 14 10.247499465942382813 10.164999961853027344 18 16 14 2.8265137672424316406 2.8174312114715576172 2.8174312114715576172 2.8083486557006835938 2.7992660999298095703 2.7901835441589355469 2.7811009883880615234 2.7720184326171875 2.7720184326171875 2.7447705268859863281 2.7356882095336914063 7 10 2.8628439903259277344 2.9052293300628662109 2.9476146697998046875 5 5.4949998855590820313 4.4949998855590820313 4 2.9657797813415527344 2.9657797813415527344 2.9415595531463623047 13 13 2.8446788787841796875 2.6993577480316162109 16 16 11 14 11.164999961853027344
16 16.494998931884765625 16 13.659999847412109375 13.329999923706054688 13 14.494999885559082031 14 15 10.824999809265136719 10.74250030517578125 10.659999847412109375 10.5774993896484375 10.494999885559082031 10.412500381469726563 10.329999923706054688 14 15 17 17 14.494999885559082031 13 2.8174312114715576172 10 2.7992660999298095703 2.7992660999298095703 2.7811009883880615234 2.7811009883880615234 2.7720184326171875 2.762935638427734375 2.7447705268859863281 2.7356882095336914063 2.7356882095336914063 2.8204588890075683594 10 9.4949998855590820313 2.9476146697998046875 2.9476146697998046875 9 9.4949998855590820313 4 9 2.9657797813415527344 2.9415595531463623047 2.917339324951171875 2.8931193351745605469 2.8446788787841796875 2.6993577480316162109 2.6993577480316162109 2.5449540615081787109 2.5449540615081787109 2.5449540615081787109 11
18 17 17 16 15.494999885559082031 15 14.494999885559082031 16 11 10.907499313354492188 15 16 15 13 14.84857177734375 14.707142829895019531 16 15 14.282856941223144531 14.141428947448730469 15 13.494999885559082031 2.8446788787841796875 14 14.494999885559082031 15 2.7811009883880615234 2.7720184326171875 2.762935638427734375 2.7538533210754394531 2.7447705268859863281 2.7356882095336914063 2.7266054153442382813 2.7266054153442382813 8 9 8 8.4949998855590820313 10 3.4949998855590820313 4 9 10 2.9415595531463623047 2.917339324951171875 2.8446788787841796875 2.8446788787841796875 2.6993577480316162109 2.5540366172790527344 2.5449540615081787109 2.5449540615081787109 2.5449540615081787109 2.5267889499664306641
20 20 19 19.494998931884765625 15.494999885559082031 16 14.659999847412109375 16 13 14 18 14 15 16 17 16 14.565713882446289063 14.424285888671875 17 15 14 2.8537614345550537109 2.8537614345550537109 15 16 19 16 12 2.762935638427734375 2.7447705268859863281 2.7447705268859863281 2.7266054153442382813 2.7266054153442382813 2.7175228595733642578 2.6993577480316162109 2.6993577480316162109 2.6811926364898681641 7 3 9 10 11 10 9 2.917339324951171875 2.5994496345520019531 2.6993577480316162109 2.6993577480316162109 2.5631194114685058594 2.5540366172790527344 2.5449540615081787109 2.5358715057373046875 2.5267889499664306641
18 16.329999923706054688 16.659999847412109375 19 17 16.494998931884765625 16 14.329999923706054688 14 17 17 14 13.79199981689453125 17 15 14 16 17 18 17 17 17 2.8628439903259277344 16 18 18.494998931884765625 16 15 14 14 2.7447705268859863281 2.7266054153442382813 2.7175228595733642578 2.7084403038024902344 2.6993577480316162109 2.6902751922607421875 2.6811926364898681641 2.6721100807189941406 2.6630275249481201172 2.6539449691772460938 2.6448624134063720703 2.6357798576354980469 2.61761474609375 2.61761474609375 2.6085321903228759766 2.5994496345520019531 2.5903668403625488281 2.5812845230102539063 2.5722017288208007813 2.5540366172790527344 2.5449540615081787109 2.5358715057373046875 2.5267889499664306641
16 17 16 18 18 16.494998931884765625 16 17 16 17 15 13.79199981689453125 13.593999862670898438 13.395999908447265625 13.197999954223632813 13 11.659999847412109375 14 11 16 15.494999885559082031 15 2.8719265460968017578 2.8719265460968017578 15 19 18 16.494998931884765625 15.659999847412109375 15 14 15 15 2.6993577480316162109 2.6993577480316162109 2.6902751922607421875 2.6721100807189941406 2.6721100807189941406 2.6539449691772460938 2.6539449691772460938 2.6448624134063720703 2.6357798576354980469 2.6266973018646240234 2.6085321903228759766 2.6085321903228759766 2.5994496345520019531 2.5903668403625488281 2.5812845230102539063 2.5812845230102539063 2.5449540615081787109 2.5449540615081787109 2.5358715057373046875 2.5267889499664306641
16 15.659999847412109375 17 16.659999847412109375 17.494998931884765625 17 16.494998931884765625 16.494998931884765625 18 16 15 14 12.79199981689453125 12.593999862670898438 12.395999908447265625 12.197999954223632813 12 11.329999923706054688 13 10.593999862670898438 17 19 2.8719265460968017578 2.8810091018676757813 2.8810091018676757813 17 17 16 15.329999923706054688 15.494999885559082031 16 15.659999847412109375 17 15 17 17 15 15 16 16 15 15 15 16 17 15 14 2.5812845230102539063 2.5812845230102539063 2.5449540615081787109 2.5449540615081787109 12 2.5267889499664306641
15.659999847412109375 15.329999923706054688 17 16.329999923706054688 17 18 17 16.494998931884765625 18 18.494998931884765625 18 17 15 13 13 12 11.494999885559082031 11 10.79199981689453125 13 10.395999908447265625 17 10 2.8810091018676757813 2.8900916576385498047 2.8991742134094238281 16 18 15 16 15.329999923706054688 17 17 16 17 16 15.494999885559082031 15.494999885559082031 16.494998931884765625 15.247499465942382813 15.494999885559082031 15.164999961853027344 15.494999885559082031 16 15.494999885559082031 15.247499465942382813 18 14 14 11 11.494999885559082031 12 12
13 15 15 16 16 15.659999847412109375 16 16.494998931884765625 16 17 19 18 15 14 13 14 13.494999885559082031 13 12.659999847412109375 12.329999923706054688 12 10.197999954223632813 18 14 19 18 2.9082570075988769531 2.9173395633697509766 2.926422119140625 16 15 15 13.329999923706054688 13.659999847412109375 14.659999847412109375 17 14.74250030517578125 16 15 15.74250030517578125 15.74250030517578125 15.329999923706054688 15.494999885559082031 15.74250030517578125 15.74250030517578125 14 14.329999923706054688 16 16 14 12 13 12
17 12 14 14.494999885559082031 15 15.329999923706054688 15 16 15.494999885559082031 15 18 20 18 15 17 15 14 13 13 13.329999923706054688 13 17 19 14.123749732971191406 18 18 18 18 13 2.9355046749114990234 2.9445872306823730469 16 13 14 14.329999923706054688 14.247499465942382813 14.494999885559082031 14.494999885559082031 14.494999885559082031 15 16 15.74250030517578125 15.659999847412109375 15.824999809265136719 16 14.329999923706054688 16 16.494998931884765625 16 18 13 12.494999885559082031 12.494999885559082031
14 11 14 15 15 15 13.84857177734375 17 15 14.659999847412109375 15 18 15.494999885559082031 15.494999885559082031 15.329999923706054688 16 14 13.659999847412109375 14 13.494999885559082031 14 18 17 14.247499465942382813 16 16.329999923706054688 17 18.494998931884765625 18 16 2.9445872306823730469 2.9536697864532470703 2.9627523422241210938 2.9718348979949951172 14 17 15 14 14 14.329999923706054688 14.659999847412109375 16 15 16 16 14.659999847412109375 14.659999847412109375 15 14.494999885559082031 16 17 15 12.74250030517578125
15 15 10.84857177734375 14 13 17 13.707142829895019531 16 14 14.329999923706054688 14 16 17 16 15.659999847412109375 17 16 14.494999885559082031 14.494999885559082031 16 19 19 18 16 14.371250152587890625 16.659999847412109375 18 16 17 18 17 17 14.593999862670898438 2.9718348979949951172 2.9809174537658691406 12 18 13.494999885559082031 13.74250030517578125 16 14.5774993896484375 14.494999885559082031 14.659999847412109375 14.824999809265136719 15 13.659999847412109375 13.329999923706054688 14 14.494999885559082031 17 16 17 15
14 10.565713882446289063 10.707142829895019531 12.494999885559082031 13 16 13.565713882446289063 15 15.494999885559082031 13.494999885559082031 13 15 16 17 14.659999847412109375 16 18 16 17 19 14.777856826782226563 14.724821090698242188 18 16.494998931884765625 14.494999885559082031 16 15 14 15 18 17.494998931884765625 15 14.197999954223632813 14 2.9809174537658691406 2.9809174537658691406 13 13.247499465942382813 13 14.164999961853027344 14.329999923706054688 14.550000190734863281 14.770000457763671875 13.79199981689453125 14 14 13 13 14 14.329999923706054688 14.659999847412109375 16 16
12 10.424285888671875 12 12.494999885559082031 14 16 13.424285888671875 13.6364288330078125 15 13.79199981689453125 15 12.494999885559082031 16 14.329999923706054688 16 16.494998931884765625 17.494998931884765625 17 17 14.830892562866210938 16 18 14.671785354614257813 14.618749618530273438 17 16 14 13 8.7699995040893554688 17 16 16 14.395999908447265625 14.593999862670898438 16 2.9899265766143798828 9 15 14 13.197999954223632813 13.395999908447265625 14 14.769999504089355469 13.593999862670898438 15 13 11.494999885559082031 14 14.494999885559082031 14.494999885559082031 14.659999847412109375 15 14.74250030517578125
14.494999885559082031 10.282856941223144531 12.659999847412109375 13.494999885559082031 15 14.329999923706054688 14.659999847412109375 13.282856941223144531 13.565713882446289063 13.593999862670898438 16.494998931884765625 12 14 14 15 16 17 17 15 14.883928298950195313 16 17 16 14.74250030517578125 15.494999885559082031 15 13 8.8800001144409179688 15 8.659999847412109375 8.5500001907348632813 8.4399995803833007813 15 14.593999862670898438 16 2.9898529052734375 2.9898529052734375 16 12.659999847412109375 13 14 13.593999862670898438 13.79199981689453125 13.395999908447265625 14 11 14 15 15.329999923706054688 15.659999847412109375 14.329999923706054688 14.247499465942382813 14.494999885559082031
