experiments/testB_ganges-brahmaputra/LFP/elevation_ASC.asc
ncols        400
nrows        600
xllcorner    89.000000000000
yllcorner    21.000000000005
cellsize     0.005000000000
NODATA_value  -9999
[rows 234 to 259 of 600, columns 232 to 289 of 400]
0.70500004291534423828 0.69000005722045898438 8 7 7 6 7 9 0.88500005006790161133 0.90000003576278686523 0.91500002145767211914 0.93000006675720214844 0.94500005245208740234 0.96000003814697265625 0.97500002384185791016 7 7.3299999237060546875 10.494999885559082031 10 8 0.97392863035202026367 4 5 5.4949998855590820312 9 0.98428571224212646484 0.98571431636810302734 0.98714286088943481445 0.98857146501541137695 7 5 5.2474999427795410156 0.79226195812225341797 0.69339287281036376953 0.59452378749847412109 0.49565476179122924805 0.3967857062816619873 5 0.11196428537368774414 0.11196428537368774414 0.11785714328289031982 0.11785714328289031982 0.12374999374151229858 7.4949998855590820312 7.7424998283386230469 8 8.4949998855590820312 0.81746399402618408203 5 8 8.659999847412109375 9 8 7.3299999237060546875 7 9 0 0
6 0.69000005722045898438 7 9 9 10 4.4949998855590820312 4 7 7 8 7.659999847412109375 7 0.96000003814697265625 0.96142858266830444336 6 10 12 11 10 0.97258931398391723633 5 7 6.4949998855590820312 6.7424998283386230469 0.98285716772079467773 7 8 0.98857146501541137695 2 0.89113092422485351562 0.89113092422485351562 0.79226195812225341797 8 9.4949998855590820312 9 7 0.29791665077209472656 0.11196428537368774414 0.11196428537368774414 0.11196428537368774414 0.11785714328289031982 7 7.2474999427795410156 6.659999847412109375 7 9 5 0.87497597932815551758 6 5 9 8 7.4949998855590820312 7 6.4949998855590820312 6 0
7 0.67500001192092895508 4 8 6.4949998855590820312 6 7 7.1649999618530273438 7.3299999237060546875 7.3299999237060546875 10 7.3299999237060546875 7 9 0.96285718679428100586 4 9 12 10 0.97125005722045898438 7 6 6 6.2474999427795410156 6.4949998855590820312 0.98142856359481811523 0.98142856359481811523 8.4949998855590820312 8.4949998855590820312 9 0.89113092422485351562 0.89113092422485351562 9.4949998855590820312 9.4949998855590820312 9.659999847412109375 9.3299999237060546875 11 0.19904762506484985352 0.10607142746448516846 0.10607142746448516846 0.11196428537368774414 6.4949998855590820312 6.7424998283386230469 8 6.3299999237060546875 0.75705885887145996094 0.81529414653778076172 0.8735294342041015625 0.93248796463012695312 0.93248796463012695312 7 6.8485713005065917969 9 9 11 9 6 0
4 0.66000002622604370117 0.66000002622604370117 9 8 7.2474999427795410156 7.1237497329711914062 7.4949998855590820312 10 10 7.659999847412109375 9 8 8 0.96285718679428100586 0.96428573131561279297 3 10 0.96991074085235595703 0.96991074085235595703 6 6 6.4949998855590820312 6 5 0.98000001907348632812 0.98000001907348632812 8 9 8.74250030517578125 8.4949998855590820312 9 9 9 10 10 9 0.10017856955528259277 0.10017856955528259277 0.10607142746448516846 6 6.2474999427795410156 7 7.4949998855590820312 6 0.69882357120513916016 5 6 0.93176472187042236328 8 8 6.7071428298950195312 6.5657143592834472656 6.5657138824462890625 6.1414284706115722656 6 0 -9999
0.64500004053115844727 0.64500004053115844727 7 7 8 7.371250152587890625 10 7.659999847412109375 10.494999885559082031 12 9.659999847412109375 9.3299999237060546875 8 5 10 0.96428573131561279297 0.96571433544158935547 0.96714287996292114258 0.96857148408889770508 0.97000002861022949219 0.9714285731315612793 0.9728571772575378418 0.97428572177886962891 0.97571432590484619141 0.97714287042617797852 0.97857147455215454102 8 7.8485713005065917969 7.7071428298950195312 8.4949998855590820312 8 7.2474999427795410156 7.4949998855590820312 7.7424998283386230469 8 7.4949998855590820312 7 0.09428571164608001709 3 6 5 6 8 8 6 0.64058822393417358398 0.5823529362678527832 4 8 8 8.4949998855590820312 8 6.424285888671875 6.2828569412231445312 9 8 8 0
6 9 8 8 10 7.4949998855590820312 9 7.8249998092651367188 8 9 9 9 5.4949998855590820312 8 9 10 9 8 2 9 5 0.9728571772575378418 6.659999847412109375 8 7 8 9 8 7.5657143592834472656 8.2474994659423828125 9 7 8 9 9 8 9 9 0.088392853736877441406 4 5 5 6 7 7.4949998855590820312 6.3299999237060546875 6.659999847412109375 0.52411764860153198242 0.46588236093521118164 0.40764707326889038086 7 7 6 6 8.4949998855590820312 8 0 -9999
2 7 8 8.1979999542236328125 9 8 7.6187496185302734375 8.4949998855590820312 8.2474994659423828125 9.4949998855590820312 7.1414284706115722656 7 6 10 9 8.659999847412109375 8.3299999237060546875 7 6 2.0659999847412109375 8 6 6.3299999237060546875 9 8.4949998855590820312 10 9.659999847412109375 8 7.424285888671875 8 4.7424998283386230469 6 9.4949998855590820312 8 6.7424998283386230469 7.659999847412109375 7.3299999237060546875 7 8 0.082499995827674865723 0.076607137918472290039 0.070714280009269714355 0.064821429550647735596 6 8 8 7 6.4949998855590820312 5.4949998855590820312 5.7424998283386230469 0.34941178560256958008 0.2911764681339263916 5 6 6 0 0 -9999
2.2474999427795410156 2.4949998855590820312 10 8.395999908447265625 8.4949998855590820312 9 7.7424998283386230469 9 8.74250030517578125 9 7.2828569412231445312 9 9 7.8249998092651367188 7.4949998855590820312 7.3299999237060546875 7.4949998855590820312 7 8 2.131999969482421875 9 7 7 7 6.7424998283386230469 6.4949998855590820312 9.3299999237060546875 11 7.2828569412231445312 7.4949998855590820312 4.4949998855590820312 4.2474999427795410156 9 8.4949998855590820312 6.4949998855590820312 9 8 9 9 7.3299999237060546875 7 0.070714280009269714355 0.064821429550647735596 0.058928571641445159912 0.053035713732242584229 0.047142855823040008545 6 5.2474999427795410156 6 6 5.659999847412109375 0.23294118046760559082 0.17470589280128479004 0.11647059023380279541 4 3 0 -9999
11 9 2.7425000667572021484 8 8.5939998626708984375 8.79199981689453125 7.8662500381469726562 8 8 7.424285888671875 9 11 9 7.659999847412109375 7 7.5774998664855957031 7.1649999618530273438 7 10 2.1979999542236328125 6 6.3299999237060546875 6.659999847412109375 7.4949998855590820312 8.4949998855590820312 6.2474999427795410156 9 12 7.1414284706115722656 7 9 4 8 6.2474999427795410156 9 8 8.4949998855590820312 8.4949998855590820312 8 7.659999847412109375 8 10 6.4949998855590820312 6 5 0.047142855823040008545 0.041249997913837432861 5 5 5.3299999237060546875 5.659999847412109375 6 6 0.058235295116901397705 0.058235295116901397705 0 0 -9999
12 11.494999885559082031 6 8 9 8 9 7.8485713005065917969 7.7071428298950195312 7.5657143592834472656 7.7424998283386230469 7.4949998855590820312 7.4949998855590820312 7 6.4949998855590820312 6 3.4949998855590820312 3 2.26399993896484375 8 8.4949998855590820312 7 7 6 8 6 8 10 10.494999885559082031 6.4949998855590820312 10 3.9349999427795410156 6 7 9 7.7424998283386230469 7.7424998283386230469 8 7 6.8485713005065917969 9 10 8 5 5 5 0.035357140004634857178 0.029464285820722579956 5 5.3299999237060546875 7 8 6 5 0.52411764860153198242 3 0 0
11 10 6.1979999542236328125 9 10 10 7.659999847412109375 7.7424998283386230469 9 8 9 7.2474999427795410156 7 7 6 4 8 2.3299999237060546875 2.3547499179840087891 5 8 8 7.659999847412109375 7.3299999237060546875 7 5.4949998855590820312 5 8 8.659999847412109375 6 3.8250000476837158203 3.8800001144409179688 6.4949998855590820312 6.7424998283386230469 8 8 7.4949998855590820312 8 6.7071428298950195312 6.5657143592834472656 7 8 7 6 1.1649999618530273438 1 5 0.023571427911520004272 7 7.4949998855590820312 5.4949998855590820312 5.7424998283386230469 6 5.8249998092651367188 4 3 4.4949998855590820312 4
9 8 8.4949998855590820312 6.395999908447265625 7 7.3299999237060546875 7.4949998855590820312 8 9 6.8662500381469726562 6.7424998283386230469 6.6187496185302734375 6.4949998855590820312 6.2474999427795410156 7 8 2.395999908447265625 8 2.4454998970031738281 7 5.4949998855590820312 6 7.659999847412109375 8 9.4949998855590820312 9 4 8 8.3299999237060546875 3.7699999809265136719 6 6.2474999427795410156 10 10 10.494999885559082031 7.2474999427795410156 9 6.7424998283386230469 9 6.424285888671875 6.2828569412231445312 7 9 6 1.3300000429153442383 5.4949998855590820312 5 0.017678570002317428589 3 5 5.3299999237060546875 5.4949998855590820312 5.659999847412109375 5.8249998092651367188 5 0 0 0
6.395999908447265625 7 7.4949998855590820312 6.5939998626708984375 8 8 8 7.2474999427795410156 9 10 7 6.7424998283386230469 7.4949998855590820312 7 8 8 2.4619998931884765625 2.5362498760223388672 6 6.3299999237060546875 6.659999847412109375 7 8.4949998855590820312 10 10.494999885559082031 8 8 3.6600000858306884766 3.715000152587890625 4 4.2474999427795410156 4.4949998855590820312 7 9 11 7 5.4949998855590820312 6.4949998855590820312 8 9 6.1414284706115722656 6 7 1.6600000858306884766 1.495000004768371582 5 7 0.011785713955760002136 0.011785713955760002136 5.1649999618530273438 5 5.4949998855590820312 5.8249998092651367188 4.4949998855590820312 4 0 0 0.49500000476837158203
9 6.5939998626708984375 6.79199981689453125 7 6.79199981689453125 8 8 7 7 3.1099998950958251953 8 6 2.7920000553131103516 2.7260000705718994141 2.659999847412109375 2.5939998626708984375 2.5279998779296875 2.6269998550415039062 8 6.3299999237060546875 6.659999847412109375 7 8 9 10 11 3.6050000190734863281 7 7 7.4949998855590820312 7 4.7424998283386230469 7.4949998855590820312 7.4949998855590820312 10 6 7 5 6.2474999427795410156 6 8 8 1.8250000476837158203 7 8.4949998855590820312 8 11 5 0.0058928569778800010681 0 5 5 4 4 0 0 0 0
8.4949998855590820312 9 8 7 6.659999847412109375 8 7 3.3299999237060546875 3.2200000286102294922 3 2.9240000247955322266 2.8580000400543212891 7 8 9 7 2.7177500724792480469 3 9 3.2200000286102294922 8 3.3299999237060546875 3.3849999904632568359 3.4400000572204589844 3.4950001239776611328 3.5499999523162841797 7 6 7 7.4949998855590820312 7.2474999427795410156 5 8 8 8.1649999618530273438 6.1979999542236328125 6.4949998855590820312 6 3.7425000667572021484 3.4949998855590820312 3.2474999427795410156 3 2 5 10 8.4949998855590820312 8 5.4949998855590820312 5.2474999427795410156 0 4 4 0 0 -9999 0 0 0
8 9 8 9 6.3299999237060546875 6 3.4400000572204589844 10 7 8.4949998855590820312 8 7.4949998855590820312 7.4949998855590820312 7 8 2.899250030517578125 2.8085000514984130859 3 3.1099998950958251953 8 3.2750000953674316406 9 3.4400000572204589844 3.5499999523162841797 7 9 7.4949998855590820312 6.2474999427795410156 6.4949998855590820312 7.7424998283386230469 7.4949998855590820312 8 5.2474999427795410156 8.3299999237060546875 8.5774993896484375 6.395999908447265625 8 7 6 7 9 5 2.2474999427795410156 7 8 8 6 5.7424998283386230469 5 0 0 0 4 4 0 6 7.3299999237060546875 8
10 9 8.2474994659423828125 8.4949998855590820312 7 3.5499999523162841797 8 9 8 8.4949998855590820312 8 6.4949998855590820312 9 8 3.4949998855590820312 3 8 3.0989999771118164062 6 9 4 3.3299999237060546875 5 8 3.659999847412109375 3.7699999809265136719 7 7 6.7424998283386230469 6.7424998283386230469 7.7424998283386230469 8 5.4949998855590820312 8.4949998855590820312 9 6.5939998626708984375 8 9 9 7.2828569412231445312 9 6 2.4949998855590820312 8 5.4949998855590820312 5.7424998283386230469 5.7424998283386230469 6 7 0 0 0 0 -9999 0 7 10 7.659999847412109375
9 8.74250030517578125 8.4949998855590820312 8 3.659999847412109375 3.659999847412109375 9 8 9 8 6.8249998092651367188 6.659999847412109375 6.3299999237060546875 6.1649999618530273438 6 6 3.395999908447265625 3.2969999313354492188 3.1979999542236328125 6.2474999427795410156 6 4.4949998855590820312 8 5.4949998855590820312 7 3.8800001144409179688 7.4949998855590820312 6.395999908447265625 6.4619998931884765625 7 7 5.7424998283386230469 7 8.74250030517578125 8.659999847412109375 6.79199981689453125 8.4949998855590820312 7.5657143592834472656 7.424285888671875 7.5657138824462890625 7.1414284706115722656 2.7425000667572021484 5 5.2474999427795410156 8 8 0.19369566440582275391 0.17217391729354858398 0.15065217018127441406 6 0 7 0 0 0 0 7 10
9 9 10 8 3.7699999809265136719 3.7699999809265136719 8 7 7.4949998855590820312 8 7 8 7 10 7 6.3299999237060546875 3.4949998855590820312 6 6.4331250190734863281 6.4949998855590820312 6.1979999542236328125 6 7 8 5 6 6.3299999237060546875 6.659999847412109375 8 6.5279998779296875 7 5.7424998283386230469 7.1649999618530273438 8.8249998092651367188 10 7 9 7.7071428298950195312 8.4949998855590820312 8 7.3299999237060546875 7 9 9 9 0.21521739661693572998 0.19369566440582275391 4 0.15065217018127441406 0.12913043797016143799 7 7.4949998855590820312 7 5.4949998855590820312 5.4949998855590820312 0 8 7.1979999542236328125
8 7.2474999427795410156 7 3.8800001144409179688 8 3.8800001144409179688 5 7 8 8 8 8 7.4949998855590820312 9 7 6.659999847412109375 3.5939998626708984375 6.6187496185302734375 6.80437469482421875 6.7424998283386230469 6.395999908447265625 6 6.1414284706115722656 6.2828569412231445312 7 5.2474999427795410156 6 6.659999847412109375 6.5939998626708984375 7 7.3299999237060546875 9 7.3299999237060546875 10 8 7.3299999237060546875 9 7.8485713005065917969 9 8 7.659999847412109375 8 8.4949998855590820312 8.4949998855590820312 8 0.23673912882804870605 6.659999847412109375 6 0.12913043797016143799 0.12913043797016143799 6 7 8 5 0 -9999 0 7
7.4949998855590820312 8 7.4949998855590820312 7 8 5 7 5.4949998855590820312 8 8.4949998855590820312 8 8 9 8 8 3.6930000782012939453 6 5 6.80437469482421875 6.79199981689453125 6.5939998626708984375 6.6929998397827148438 6.2474999427795410156 6.424285888671875 6.5657143592834472656 5.4949998855590820312 6 6.4949998855590820312 6.8249998092651367188 6.659999847412109375 6.7259998321533203125 7.659999847412109375 7.4949998855590820312 8 7.659999847412109375 9 9 8 7.5939998626708984375 7.395999908447265625 9 8.4949998855590820312 8 8 8 0.25826087594032287598 6 6.3299999237060546875 6.659999847412109375 0.10760869830846786499 5.4949998855590820312 5 7 0 0 0 0 8
7.7424998283386230469 7.4949998855590820312 7.4949998855590820312 8 9 5.4949998855590820312 7 6 8 8.4949998855590820312 8 7.4949998855590820312 8 6 8 3.7920000553131103516 6.4949998855590820312 5.1979999542236328125 8 7 7 7.4949998855590820312 6.4949998855590820312 7 6.7071428298950195312 6.8485713005065917969 5.7424998283386230469 6.2474999427795410156 6.7424998283386230469 7 6.8579998016357421875 6.79199981689453125 7.659999847412109375 9 8 9.4949998855590820312 9 8 7.79199981689453125 7.5939998626708984375 7.1979999542236328125 7 3.7920000553131103516 3.5939998626708984375 10 0.2797826230525970459 0.2797826230525970459 7 10 0.086086958646774291992 0.064565218985080718994 0.043043479323387145996 0.021521739661693572998 0 8 2 8 4
10 8.4949998855590820312 7 8 6 6 7.4949998855590820312 6.3299999237060546875 6.4949998855590820312 6 5.3299999237060546875 5.1649999618530273438 7 8 3.8910000324249267578 8 6 6 5.395999908447265625 7.4949998855590820312 7.3299999237060546875 8 6.7424998283386230469 7.4949998855590820312 8 7 7 6.4949998855590820312 6.7424998283386230469 8 6.923999786376953125 5.79199981689453125 7.8249998092651367188 9 11 11 9 8 8 9 9 8 9 3.395999908447265625 3 0.30130434036254882812 0.30130434036254882812 9 8 7 0.064565218985080718994 4 1 9 7 2.3299999237060546875 9 7
8 8.4949998855590820312 8 7 6.2474999427795410156 6.3299999237060546875 7 6.659999847412109375 5.8249998092651367188 5.659999847412109375 5.4949998855590820312 7 5 4.4949998855590820312 4 7 7 6.4949998855590820312 5.5939998626708984375 7 8 7.659999847412109375 7 7 6.3299999237060546875 6.659999847412109375 5.8662500381469726562 7 7 5.7424998283386230469 5.8662500381469726562 7 5.5939998626708984375 5.5939998626708984375 5.79199981689453125 7 8 9 9 9 10 10 9.4949998855590820312 8 3.1979999542236328125 0.32282608747482299805 0.32282608747482299805 6.7424998283386230469 6.4949998855590820312 8 8 9 1.3300000429153442383 7 7 2.6600000858306884766 8 7.3299999237060546875
8 8 7.659999847412109375 7.3299999237060546875 6.4949998855590820312 6.659999847412109375 7.4949998855590820312 8.2474994659423828125 8 7 7.7424998283386230469 7.7424998283386230469 7 6 6 9 8 7 5.79199981689453125 8 7 6 7.4949998855590820312 6 6 7 5.7424998283386230469 6 6 5.6187496185302734375 8 5.395999908447265625 6 5.395999908447265625 7 8 7.7424998283386230469 7.4949998855590820312 8.8249998092651367188 8.659999847412109375 10 9.4949998855590820312 9 7 5 0.34434783458709716797 5 7 8 6.2474999427795410156 6 2 1.6600000858306884766 7 7.4949998855590820312 5 8.3299999237060546875 8.659999847412109375
8 8 7.659999847412109375 8 6.7424998283386230469 7 9 8.4949998855590820312 8.74250030517578125 9 8 7.4949998855590820312 7.2474999427795410156 7 7.4949998855590820312 7.4949998855590820312 7.7424998283386230469 8 8 6.4949998855590820312 7 3.9138460159301757812 3.8376922607421875 5 5.4949998855590820312 6.4949998855590820312 8 5.6187496185302734375 5.4949998855590820312 7 6 6 5.1979999542236328125 5.1979999542236328125 6 7 8 7 7.2474999427795410156 9 8.4949998855590820312 10 10 0.38739132881164550781 0.38739132881164550781 0.36586958169937133789 7 8 7 10 8 2.1979999542236328125 8 7 9 8 6 7
