experiments/testC_Zambezi-Barotse/Barotse_500m_MERIT/results_Barotse/res_SGC.dem
ncols         347
nrows         584
xllcorner     675000.000000
yllcorner     8162500.000000
cellsize      500.000000
NODATA_value  -9999.000000
[rows 360 to 383 of 584, columns 0 to 55 of 347]
1035.920 1034.100 1036.248 1036.152 1035.132 1036.684 1038.012 1038.920 1039.968 1040.908 1041.080 1040.248 1039.296 1039.076 1038.848 1039.236 1039.716 1042.272 1042.796 1043.464 1043.744 1044.416 1045.388 1045.452 1045.780 1046.644 1046.388 1046.492 1046.376 1046.520 1046.520 1047.720 1047.668 1046.700 1046.296 1046.012 1045.980 1046.656 1048.236 1048.956 1049.304 1049.208 1050.480 1050.260 1050.208 1050.096 1050.352 1051.528 1053.468 1052.756 1051.564 1054.160 1052.708 1054.684 1052.976 1045.804
1036.688 1036.488 1036.540 1037.700 1036.956 1037.412 1038.228 1039.028 1039.508 1039.352 1040.240 1038.912 1039.108 1039.176 1038.984 1038.860 1040.116 1042.116 1042.720 1043.456 1044.372 1045.088 1045.200 1045.404 1045.164 1045.780 1046.484 1046.924 1046.816 1045.592 1045.308 1046.000 1046.352 1046.044 1045.824 1045.672 1046.012 1046.824 1047.688 1048.868 1049.600 1050.056 1050.568 1050.864 1050.912 1050.864 1051.420 1051.456 1053.440 1051.740 1053.720 1051.948 1051.344 1051.444 1048.840 1046.812
1037.532 1038.184 1038.664 1038.632 1037.864 1038.316 1038.592 1038.612 1038.596 1039.528 1040.484 1040.328 1040.300 1039.912 1039.536 1039.376 1040.352 1042.416 1043.244 1044.144 1044.920 1045.488 1045.760 1043.704 1043.648 1044.876 1046.184 1047.068 1047.464 1047.364 1047.544 1046.160 1046.432 1047.000 1046.616 1046.556 1047.240 1047.876 1048.180 1048.704 1049.244 1049.752 1050.588 1050.940 1050.428 1050.044 1049.508 1050.832 1051.144 1052.428 1053.708 1054.412 1053.736 1052.780 1052.616 1053.272
1038.584 1037.908 1037.256 1036.768 1038.300 1038.724 1038.892 1039.208 1039.076 1039.472 1040.256 1039.740 1039.852 1040.076 1039.348 1040.076 1042.972 1043.460 1043.924 1044.372 1045.212 1045.960 1045.984 1044.752 1045.272 1046.260 1046.524 1046.360 1047.484 1047.640 1047.468 1047.728 1047.728 1047.260 1047.444 1047.332 1047.760 1048.072 1048.384 1048.776 1048.084 1049.252 1050.472 1050.644 1048.240 1047.156 1046.348 1048.532 1053.056 1053.360 1053.464 1054.652 1054.568 1054.000 1053.808 1055.836
1038.532 1039.000 1038.584 1037.588 1038.592 1038.384 1038.796 1038.616 1038.452 1038.288 1038.292 1038.740 1039.324 1040.196 1041.584 1041.664 1041.536 1043.788 1042.888 1043.444 1045.216 1046.260 1046.820 1046.576 1045.608 1045.856 1046.896 1046.736 1046.564 1046.548 1046.416 1047.496 1047.816 1047.880 1048.036 1047.640 1047.536 1047.560 1047.444 1048.004 1047.780 1048.308 1049.368 1049.088 1049.888 1051.396 1052.032 1052.304 1053.372 1052.980 1052.672 1054.884 1056.072 1054.540 1053.976 1054.024
1038.304 1038.912 1039.204 1038.896 1039.060 1039.012 1037.984 1038.152 1038.540 1038.312 1038.832 1039.108 1039.472 1039.296 1040.816 1041.572 1041.260 1042.680 1043.684 1045.304 1045.740 1046.236 1046.928 1046.356 1045.988 1046.028 1044.864 1045.788 1046.348 1046.132 1046.012 1045.992 1045.920 1047.404 1047.620 1047.592 1047.492 1047.304 1046.844 1046.940 1049.168 1048.232 1049.196 1050.492 1050.660 1050.476 1050.748 1051.228 1052.752 1053.372 1053.612 1054.048 1053.956 1054.272 1053.976 1053.592
1037.452 1038.700 1039.424 1038.972 1038.684 1038.512 1037.616 1038.436 1039.248 1039.548 1039.760 1039.960 1040.068 1039.768 1042.040 1042.304 1042.608 1042.612 1043.124 1044.916 1045.536 1045.936 1046.744 1047.060 1047.176 1047.696 1046.668 1044.960 1044.952 1044.828 1044.804 1045.464 1045.696 1046.288 1046.300 1045.848 1046.184 1047.004 1046.952 1047.284 1047.200 1046.844 1047.068 1047.560 1047.284 1047.780 1046.460 1047.436 1051.408 1051.852 1052.628 1052.184 1052.468 1051.996 1052.428 1053.168
1039.060 1038.988 1039.764 1038.992 1038.340 1037.856 1039.032 1039.644 1040.424 1040.600 1040.636 1041.388 1040.816 1041.756 1042.116 1043.004 1043.260 1043.900 1044.360 1045.220 1045.980 1046.140 1046.512 1047.296 1047.552 1047.760 1046.212 1045.496 1045.604 1045.016 1045.256 1046.224 1047.312 1047.732 1048.616 1048.928 1048.704 1048.660 1047.792 1047.352 1047.528 1047.348 1046.736 1046.748 1046.820 1047.688 1047.780 1048.616 1049.328 1050.596 1051.832 1052.416 1051.624 1051.096 1051.488 1052.060
1039.500 1039.884 1039.644 1039.788 1039.324 1039.412 1040.200 1039.744 1040.856 1041.316 1041.532 1041.548 1042.016 1040.804 1040.172 1041.440 1042.984 1043.540 1044.692 1045.416 1045.904 1046.168 1046.672 1046.956 1047.308 1047.156 1046.112 1046.420 1046.308 1046.204 1046.008 1046.436 1047.396 1048.052 1048.672 1049.172 1049.020 1048.908 1048.716 1048.244 1047.900 1047.852 1047.488 1047.120 1047.184 1047.852 1050.432 1050.648 1051.072 1051.036 1052.544 1052.932 1052.552 1051.340 1051.728 1051.812
1039.648 1039.892 1040.024 1040.428 1040.276 1039.504 1040.080 1040.132 1040.244 1040.848 1041.800 1041.964 1042.448 1042.484 1041.372 1040.592 1042.956 1043.452 1044.692 1045.128 1045.580 1046.188 1046.552 1045.468 1045.976 1046.084 1045.296 1044.920 1044.900 1045.860 1045.764 1046.404 1047.152 1047.836 1048.864 1048.936 1048.976 1049.116 1049.284 1048.764 1048.912 1048.784 1048.248 1047.536 1048.072 1048.936 1050.380 1049.556 1050.176 1050.476 1051.400 1052.136 1052.628 1052.908 1052.520 1052.460
1039.656 1039.712 1039.824 1040.336 1040.872 1039.964 1039.728 1039.996 1039.824 1040.768 1041.336 1041.756 1042.336 1042.472 1042.376 1041.352 1042.252 1044.216 1044.044 1043.288 1044.040 1045.720 1046.952 1046.648 1046.480 1046.860 1045.980 1045.212 1045.832 1045.836 1045.756 1046.044 1047.708 1048.276 1048.664 1048.640 1048.860 1048.460 1049.264 1048.740 1048.600 1049.380 1049.208 1049.036 1049.524 1049.728 1049.992 1049.852 1050.552 1051.520 1052.052 1052.412 1052.968 1052.888 1051.324 1052.524
1039.392 1039.844 1039.264 1040.200 1040.660 1039.976 1040.068 1040.404 1040.100 1040.604 1041.132 1041.080 1041.980 1041.888 1042.208 1042.924 1044.112 1044.688 1045.008 1044.880 1045.540 1045.876 1046.684 1047.164 1047.200 1045.920 1045.356 1045.296 1045.544 1045.496 1046.836 1047.224 1048.080 1048.372 1048.332 1048.472 1048.544 1048.592 1048.964 1049.216 1048.976 1049.396 1049.560 1049.580 1049.636 1049.732 1050.228 1050.572 1050.916 1051.764 1052.112 1052.380 1052.568 1052.708 1051.764 1052.456
1039.016 1039.420 1039.876 1039.872 1040.420 1040.208 1040.192 1040.464 1040.904 1041.328 1041.236 1041.272 1041.620 1042.004 1043.160 1044.324 1044.532 1043.812 1044.280 1044.500 1045.372 1045.772 1046.580 1046.872 1046.908 1046.672 1045.672 1044.972 1044.960 1046.204 1047.412 1047.756 1048.032 1048.108 1048.340 1048.704 1048.568 1048.948 1049.028 1049.388 1049.404 1049.152 1049.104 1048.716 1048.048 1048.472 1049.948 1050.616 1051.388 1051.792 1052.004 1052.464 1051.088 1049.020 1048.564 1049.988
1038.712 1039.532 1039.644 1039.868 1039.476 1040.308 1041.060 1041.756 1041.828 1041.572 1041.492 1040.940 1041.384 1042.784 1043.468 1044.216 1043.748 1043.016 1043.216 1042.460 1043.280 1045.364 1045.364 1045.888 1046.324 1046.956 1046.920 1046.168 1045.324 1046.732 1047.300 1047.804 1047.636 1047.820 1048.596 1048.824 1049.056 1049.064 1049.052 1048.140 1048.760 1047.792 1047.788 1047.936 1047.620 1047.660 1048.876 1051.212 1051.576 1051.668 1052.024 1051.948 1049.800 1049.200 1049.856 1050.596
1040.392 1040.432 1040.364 1039.368 1039.192 1039.280 1041.552 1042.488 1042.380 1041.648 1041.900 1042.012 1041.428 1041.892 1043.092 1043.684 1044.476 1044.668 1044.932 1044.984 1045.840 1046.380 1045.788 1045.668 1046.736 1047.012 1046.984 1046.364 1046.544 1046.672 1047.660 1047.784 1047.776 1048.304 1048.460 1048.476 1048.968 1048.620 1048.180 1048.972 1048.632 1048.148 1047.708 1047.664 1047.900 1048.064 1048.688 1050.876 1051.240 1051.320 1051.432 1051.396 1050.944 1051.608 1051.892 1052.684
1040.656 1040.408 1040.592 1040.428 1040.460 1042.180 1042.512 1042.736 1042.548 1042.484 1042.772 1042.604 1041.880 1041.664 1041.824 1043.644 1044.276 1043.736 1042.380 1044.688 1045.748 1046.400 1047.276 1047.260 1047.216 1046.412 1046.816 1046.488 1046.928 1046.788 1047.584 1047.948 1047.916 1048.320 1048.612 1048.504 1048.276 1047.696 1048.708 1049.672 1049.644 1048.980 1047.904 1047.860 1048.004 1048.020 1047.980 1050.600 1050.804 1050.504 1051.892 1052.400 1052.152 1051.776 1052.012 1053.012
1040.460 1040.320 1040.692 1040.900 1041.076 1042.600 1042.836 1043.056 1042.520 1042.924 1043.012 1042.508 1042.520 1043.200 1042.412 1043.520 1043.576 1043.296 1042.652 1041.072 1042.980 1046.292 1047.012 1047.044 1047.204 1047.016 1046.868 1046.696 1046.668 1047.080 1047.328 1047.672 1047.792 1047.836 1047.484 1047.440 1047.492 1048.704 1049.328 1049.044 1048.596 1048.128 1048.072 1048.116 1048.436 1048.176 1048.148 1049.836 1049.812 1050.664 1052.408 1052.636 1052.740 1053.156 1053.356 1053.580
1040.336 1040.468 1040.584 1040.928 1041.432 1042.532 1042.592 1042.808 1042.752 1042.780 1042.544 1042.176 1042.496 1043.212 1043.140 1042.240 1041.956 1041.384 1042.812 1044.324 1044.740 1045.744 1046.444 1046.684 1046.440 1046.600 1047.176 1047.444 1047.392 1047.540 1047.064 1046.700 1046.864 1047.124 1047.404 1048.168 1048.232 1047.808 1048.448 1048.924 1048.888 1048.612 1048.480 1048.112 1047.604 1047.472 1047.292 1049.020 1050.608 1050.864 1051.992 1051.896 1052.212 1052.568 1052.976 1053.232
1040.276 1040.368 1040.060 1039.360 1040.832 1041.620 1042.244 1041.780 1041.668 1041.840 1041.944 1041.868 1042.292 1042.832 1042.180 1041.824 1041.032 1041.980 1043.668 1044.428 1044.980 1045.476 1046.448 1046.484 1046.436 1046.868 1047.108 1046.600 1046.392 1047.400 1048.324 1047.772 1047.864 1047.856 1047.896 1048.496 1048.204 1048.512 1048.792 1049.368 1049.236 1048.924 1049.112 1048.564 1047.640 1047.452 1047.284 1047.560 1048.928 1050.252 1050.860 1051.144 1051.664 1052.264 1052.240 1052.580
1038.664 1039.108 1039.276 1039.152 1040.232 1040.328 1040.788 1040.556 1040.980 1041.236 1041.256 1041.512 1042.396 1042.864 1042.680 1042.292 1041.816 1042.448 1042.720 1043.308 1043.632 1043.144 1046.212 1046.372 1046.124 1046.088 1045.296 1044.844 1044.732 1045.692 1045.960 1046.456 1046.336 1046.492 1047.128 1047.784 1047.632 1048.100 1048.304 1048.980 1048.976 1048.988 1049.188 1048.912 1048.580 1047.632 1047.356 1048.912 1049.780 1050.064 1050.368 1050.412 1050.816 1050.788 1051.348 1051.836
1038.116 1039.172 1039.936 1039.876 1039.188 1039.616 1039.980 1040.128 1040.816 1040.888 1041.268 1041.852 1042.464 1043.380 1043.644 1043.528 1043.408 1043.028 1043.724 1044.336 1044.612 1045.040 1046.036 1045.848 1046.600 1046.976 1046.236 1046.748 1046.996 1046.452 1045.288 1044.972 1045.164 1045.676 1046.136 1045.896 1046.136 1047.780 1048.520 1048.732 1048.800 1048.480 1048.608 1049.116 1049.424 1047.908 1047.032 1046.488 1046.992 1047.384 1047.976 1049.112 1048.028 1047.968 1050.224 1051.124
1038.504 1039.196 1039.760 1039.916 1039.640 1040.024 1040.472 1040.632 1041.032 1041.796 1041.752 1041.652 1042.092 1043.180 1043.896 1044.540 1044.624 1043.564 1044.108 1045.000 1044.920 1045.576 1046.612 1046.660 1047.164 1047.164 1047.316 1047.524 1047.560 1047.424 1047.380 1047.236 1046.856 1047.376 1048.088 1048.156 1047.872 1047.952 1047.984 1048.708 1048.952 1048.756 1048.896 1049.184 1049.096 1048.648 1047.516 1046.992 1047.716 1048.232 1049.068 1048.736 1048.068 1046.860 1047.140 1050.592
1039.440 1039.804 1039.920 1040.000 1039.652 1041.156 1042.028 1042.052 1042.368 1042.328 1041.808 1041.620 1041.800 1043.292 1044.448 1044.432 1043.652 1042.156 1042.276 1044.856 1045.296 1045.568 1046.308 1046.372 1046.804 1047.132 1047.384 1047.528 1047.460 1047.928 1047.832 1047.596 1047.536 1047.136 1047.120 1047.584 1047.636 1047.620 1048.292 1048.172 1048.436 1048.520 1048.668 1048.812 1048.952 1048.808 1048.764 1047.512 1047.960 1048.936 1048.884 1048.596 1047.832 1047.420 1047.124 1049.224
1038.688 1039.424 1039.892 1039.592 1038.500 1039.616 1041.152 1041.308 1041.564 1042.064 1042.040 1041.852 1042.092 1042.640 1043.628 1043.204 1042.544 1041.924 1041.064 1044.024 1045.380 1045.840 1045.708 1046.100 1046.512 1046.840 1046.896 1046.392 1046.736 1047.584 1047.612 1047.832 1047.692 1047.728 1047.500 1047.768 1047.328 1047.500 1047.928 1047.932 1048.132 1048.220 1048.516 1048.520 1048.584 1048.912 1048.792 1047.172 1047.652 1047.852 1048.300 1047.728 1047.520 1046.724 1047.228 1045.988
