experiments/testC_Zambezi-Barotse/Barotse_500m_MERIT/results_Barotse/res_SGC.dem
ncols         347
nrows         584
xllcorner     675000.000000
yllcorner     8162500.000000
cellsize      500.000000
NODATA_value  -9999.000000
[rows 48 to 71 of 584, columns 56 to 111 of 347]
1048.700 1049.524 1049.832 1051.204 1052.336 1053.376 1053.332 1053.580 1053.824 1053.928 1053.504 1053.616 1052.872 1051.528 1050.096 1045.784 1040.972 1042.504 1036.476 1036.856 1036.788 1038.112 1037.976 1037.388 1037.224 1035.600 1036.020 1045.956 1048.348 1049.236 1049.284 1049.868 1050.512 1050.348 1050.628 1051.248 1050.788 1049.660 1048.108 1047.212 1046.544 1045.300 1043.912 1042.156 1038.436 1035.552 1033.492 1032.864 1038.516 1043.840 1045.132 1045.784 1047.412 1047.560 1047.092 10000000000.000
1048.108 1048.304 1048.708 1049.276 1050.884 1051.676 1052.360 1052.936 1053.196 1054.048 1053.808 1053.568 1052.920 1052.008 1051.120 1049.668 1046.500 1045.256 1036.416 1037.068 1037.716 1037.556 1037.572 1037.388 1037.640 1035.892 1036.752 1041.168 1046.160 1048.392 1048.984 1049.096 1049.284 1049.320 1049.644 1049.900 1050.100 1049.052 1048.120 1047.384 1046.368 1044.996 1044.616 1042.176 1038.432 1036.024 1034.052 1035.652 1039.492 1042.792 1044.364 1044.920 1045.984 1046.836 1046.832 10000000000.000
1047.296 1047.148 1047.420 1048.612 1049.760 1050.484 1051.208 1052.556 1053.328 1053.444 1053.732 1053.748 1053.540 1052.784 1052.172 1050.852 1049.728 1048.332 1038.800 1037.404 1037.780 1037.608 1037.452 1036.836 1036.616 1035.244 1035.636 1036.624 1043.732 1047.264 1048.524 1048.812 1048.440 1048.944 1049.352 1049.496 1049.552 1048.616 1047.644 1046.600 1045.168 1044.196 1043.092 1041.468 1037.656 1034.428 1033.792 1039.300 1041.444 1041.752 1043.388 1044.196 1044.096 1045.900 1046.672 10000000000.000
1047.488 1047.364 1047.504 1048.236 1049.864 1050.560 1051.156 1052.148 1053.328 1053.396 1053.604 1053.512 1053.704 1053.504 1053.012 1052.108 1051.580 1050.412 1042.360 1035.900 1036.268 1036.952 1036.968 1036.868 1036.652 1036.576 1036.260 1036.036 1037.992 1045.556 1047.508 1047.816 1048.072 1048.724 1049.216 1049.420 1049.400 1048.568 1047.588 1045.560 1044.744 1043.796 1042.104 1040.368 1034.624 1032.468 1034.128 1039.688 1042.196 1044.072 1044.416 1043.904 1043.720 1044.852 1046.272 1047.024
1047.972 1048.332 1048.652 1049.256 1049.928 1050.364 1051.184 1051.900 1052.916 1053.128 1053.476 1053.468 1053.404 1053.524 1052.880 1052.388 1051.520 1050.708 1045.920 1037.452 1036.424 1036.820 1036.424 1037.072 1036.544 1036.452 1035.364 1035.680 1035.260 1036.376 1044.484 1046.972 1047.924 1048.504 1048.980 1049.924 1049.644 1048.516 1047.348 1044.472 1043.708 1042.988 1042.316 1035.720 1033.348 1033.028 1032.464 1038.772 1042.852 1044.624 1044.340 1043.776 1044.092 1045.408 1046.244 1047.000
1048.332 1048.588 1048.860 1049.268 1049.768 1050.196 1050.764 1051.396 1051.996 1053.052 1053.364 1053.384 1053.408 1053.160 1052.736 1052.048 1051.208 1050.812 1048.452 1038.060 1036.376 1036.996 1036.584 1036.448 1036.016 1036.088 1035.196 1035.524 1035.404 1035.660 1041.908 1044.696 1046.024 1047.432 1049.508 1050.040 1048.148 1047.412 1046.872 1045.184 1043.580 1043.640 1043.200 1035.812 1033.276 1031.820 1031.168 1038.236 1042.084 1043.928 1043.924 1044.508 1045.100 1045.212 1045.932 1046.272
1048.284 1048.536 1048.648 1049.212 1049.836 1050.312 1050.644 1051.124 1051.880 1052.776 1053.068 1053.288 1053.216 1052.988 1052.496 1052.452 1051.868 1051.064 1049.784 1041.760 1035.780 1037.196 1036.356 1036.268 1036.400 1035.412 1035.732 1035.536 1036.124 1036.288 1041.232 1044.964 1047.736 1048.296 1049.760 1049.676 1048.072 1046.300 1045.624 1044.264 1044.216 1044.076 1042.724 1035.012 1034.148 1032.804 1035.596 1042.348 1043.768 1043.944 1043.860 1044.032 1044.792 1045.560 1044.672 1045.364
1048.032 1048.144 1048.308 1048.804 1049.812 1050.688 1050.928 1051.480 1051.932 1052.912 1053.108 1053.172 1053.056 1052.748 1052.492 1052.704 1052.000 1051.268 1050.104 1047.796 1041.284 1035.404 1036.144 1037.160 1036.656 1036.168 1035.264 1034.840 1035.652 1036.256 1038.084 1044.188 1047.992 1048.860 1049.356 1049.556 1047.612 1044.940 1043.424 1042.728 1041.972 1043.068 1041.396 1033.968 1034.024 1032.152 1034.812 1042.520 1043.676 1043.796 1043.320 1042.960 1045.268 1047.308 1046.536 1044.672
1048.616 1047.748 1047.320 1048.336 1049.428 1049.944 1050.632 1051.684 1051.716 1052.616 1052.672 1053.196 1052.968 1052.700 1052.792 1052.712 1052.064 1051.316 1049.804 1048.820 1046.320 1038.272 1035.596 1036.008 1036.132 1036.816 1036.776 1036.004 1034.628 1034.768 1035.176 1039.568 1047.376 1048.624 1049.028 1048.660 1047.304 1046.128 1043.400 1042.472 1042.132 1042.640 1040.460 1034.492 1035.772 1032.556 1035.348 1042.428 1044.068 1044.180 1043.108 1043.200 1044.780 1046.636 1047.040 1045.980
1050.512 1049.884 1047.368 1046.592 1047.292 1048.936 1049.324 1050.340 1050.808 1051.756 1052.108 1052.424 1052.564 1052.736 1052.768 1052.316 1051.700 1050.928 1049.300 1048.576 1047.164 1045.508 1041.428 1035.412 1036.124 1036.796 1036.796 1035.576 1036.048 1034.728 1035.720 1035.484 1045.404 1048.052 1048.864 1048.140 1046.648 1045.764 1042.860 1042.324 1042.604 1043.476 1040.344 1033.780 1034.504 1032.524 1035.968 1043.048 1044.400 1044.536 1043.400 1042.584 1042.696 1046.132 1046.108 1043.772
1051.224 1050.520 1047.364 1045.832 1045.632 1046.460 1048.368 1049.412 1050.256 1050.768 1051.396 1051.728 1052.180 1052.396 1052.372 1052.216 1051.652 1050.588 1049.456 1048.736 1048.124 1046.916 1044.844 1036.272 1036.232 1036.052 1036.028 1035.988 1036.236 1035.036 1036.500 1035.400 1036.364 1045.972 1048.652 1047.644 1045.456 1044.868 1042.092 1041.936 1043.292 1043.444 1040.268 1033.228 1034.048 1033.116 1035.236 1042.712 1044.528 1044.576 1043.112 1042.712 1043.292 1045.444 1045.080 1044.716
1050.796 1050.472 1047.688 1046.216 1045.852 1045.672 1046.480 1048.772 1049.576 1050.724 1051.100 1051.124 1051.224 1051.532 1052.212 1052.284 1051.912 1050.896 1049.004 1048.752 1048.232 1047.312 1045.580 1037.600 1036.956 1036.268 1035.852 1035.296 1034.828 1035.068 1035.928 1034.984 1034.516 1039.972 1047.140 1044.216 1044.256 1046.160 1045.380 1044.400 1043.692 1043.216 1040.052 1034.364 1032.092 1032.124 1032.664 1041.340 1043.948 1043.712 1042.416 1042.376 1044.044 1045.720 1044.896 1049.144
1051.280 1050.828 1047.796 1046.580 1046.384 1045.828 1045.800 1048.124 1050.964 1051.532 1051.480 1051.468 1051.672 1051.412 1052.196 1052.624 1052.384 1050.720 1049.564 1048.612 1047.724 1046.756 1045.352 1038.076 1036.224 1035.804 1035.936 1035.264 1035.312 1035.788 1035.120 1035.488 1034.508 1039.256 1045.188 1041.632 1044.348 1046.208 1045.892 1044.600 1043.532 1042.704 1040.736 1037.436 1033.164 1032.268 1031.228 1039.040 1041.924 1042.308 1042.232 1041.252 1042.824 1047.244 1049.316 1052.216
1050.956 1049.800 1047.632 1046.172 1046.300 1046.152 1046.112 1048.616 1051.728 1051.892 1051.960 1051.932 1051.756 1051.372 1051.556 1051.796 1051.896 1050.728 1049.820 1049.240 1047.972 1046.720 1044.824 1042.348 1036.488 1035.956 1036.056 1036.348 1035.172 1035.264 1035.188 1034.820 1033.244 1037.588 1042.440 1044.552 1045.472 1045.580 1045.576 1044.620 1042.408 1041.176 1039.876 1034.760 1032.404 1032.264 1031.340 1039.740 1042.416 1042.428 1041.744 1043.052 1047.280 1051.704 1052.840 1052.920
1049.240 1049.016 1047.332 1046.156 1046.436 1046.884 1048.316 1049.644 1051.424 1051.356 1051.032 1051.104 1050.956 1050.644 1050.916 1050.404 1050.448 1050.116 1049.564 1048.948 1047.904 1046.636 1045.764 1044.660 1037.384 1035.608 1036.400 1035.392 1033.428 1033.384 1034.772 1034.084 1033.880 1035.592 1040.352 1045.292 1045.320 1045.576 1045.348 1042.868 1041.936 1038.584 1038.568 1034.584 1032.340 1031.876 1032.188 1040.200 1042.928 1043.456 1045.460 1048.452 1049.668 1052.928 1052.808 1052.876
1048.676 1048.468 1048.028 1047.572 1047.784 1048.952 1049.244 1050.016 1050.820 1050.868 1050.696 1050.748 1050.048 1050.256 1050.004 1049.784 1049.616 1049.188 1048.868 1047.944 1046.952 1045.272 1045.168 1045.580 1040.008 1036.040 1036.612 1035.560 1033.852 1032.692 1033.456 1034.096 1034.132 1034.840 1037.424 1044.020 1045.168 1045.344 1043.692 1042.408 1042.132 1039.120 1036.856 1035.576 1032.684 1031.456 1031.960 1039.504 1043.380 1045.936 1048.176 1049.920 1051.672 1052.844 1052.732 1052.848
1048.416 1048.572 1048.516 1048.820 1049.576 1049.944 1050.164 1050.204 1050.216 1050.592 1050.116 1049.316 1047.596 1047.508 1049.316 1049.436 1049.408 1048.932 1048.924 1048.456 1047.796 1046.344 1045.908 1044.812 1044.464 1037.796 1035.616 1036.452 1035.092 1033.612 1034.972 1032.852 1035.076 1035.700 1035.712 1041.888 1044.968 1044.940 1042.860 1042.408 1042.792 1042.044 1039.984 1035.436 1032.804 1031.316 1031.316 1040.288 1044.576 1047.128 1049.252 1051.016 1052.360 1053.376 1053.276 1053.268
1048.616 1049.100 1049.644 1049.716 1050.144 1050.804 1050.648 1049.772 1050.424 1050.936 1050.796 1049.816 1048.056 1046.592 1049.068 1049.656 1049.288 1048.668 1048.176 1048.724 1047.560 1046.352 1043.728 1044.140 1043.704 1038.452 1035.300 1035.508 1034.944 1034.952 1033.752 1032.472 1034.280 1034.396 1035.264 1042.920 1042.252 1042.060 1043.464 1043.864 1043.676 1043.252 1040.984 1037.760 1034.028 1031.112 1031.472 1039.832 1043.228 1047.936 1050.132 1052.044 1053.572 1054.048 1054.108 1056.436
1049.060 1049.216 1049.756 1050.072 1050.276 1050.780 1050.616 1049.728 1050.568 1051.296 1051.204 1050.084 1048.216 1046.944 1048.528 1048.964 1048.688 1046.660 1045.408 1047.444 1047.020 1045.344 1040.600 1041.324 1042.628 1038.624 1035.296 1035.404 1034.488 1034.576 1032.068 1033.540 1034.016 1034.328 1035.616 1044.056 1041.948 1041.388 1042.436 1042.512 1042.148 1042.996 1041.216 1039.256 1029.716 1030.312 1030.472 1039.624 1046.272 1049.536 1051.876 1052.772 1054.828 1054.496 1054.928 1055.316
1048.856 1049.484 1049.784 1049.852 1050.324 1050.872 1050.860 1050.344 1051.736 1051.336 1051.624 1050.448 1049.184 1048.180 1048.432 1048.008 1047.584 1046.140 1047.700 1048.896 1047.104 1044.960 1042.784 1043.984 1041.516 1040.812 1035.656 1036.120 1034.864 1033.672 1032.616 1032.276 1032.564 1034.236 1037.008 1043.916 1041.320 1042.484 1043.400 1043.464 1043.364 1043.316 1041.528 1038.928 1029.812 1030.208 1031.520 1035.908 1043.196 1047.096 1049.864 1051.256 1050.772 1034.100 1029.780 1029.384
1048.212 1049.012 1049.916 1050.560 1050.720 1050.620 1050.536 1050.592 1051.568 1050.920 1050.648 1050.044 1049.296 1048.196 1047.456 1047.196 1046.388 1047.856 1048.604 1048.640 1047.996 1046.204 1044.784 1043.924 1042.140 1039.152 1035.724 1035.764 1035.284 1035.088 1033.252 1033.548 1032.860 1040.784 1041.548 1043.368 1042.404 1041.700 1042.436 1043.120 1042.248 1041.760 1041.788 1039.472 1034.864 1029.844 1030.976 1034.744 1044.460 1046.784 1048.380 1049.112 1046.800 1029.452 1029.756 1029.868
1047.328 1048.124 1048.616 1049.768 1050.480 1050.756 1051.164 1051.212 1051.384 1051.080 1050.404 1049.960 1048.380 1048.136 1046.880 1046.548 1046.132 1048.388 1047.900 1048.312 1047.300 1046.276 1044.616 1044.788 1044.648 1041.680 1035.020 1034.940 1034.756 1035.356 1034.288 1033.656 1033.400 1038.068 1036.932 1042.740 1043.820 1043.440 1043.652 1043.060 1041.572 1041.128 1040.936 1040.804 1036.676 1029.972 1030.216 1033.064 1043.404 1045.872 1046.636 1045.112 1029.444 1029.608 1029.844 1030.132
1045.784 1045.920 1047.092 1048.852 1050.328 1050.960 1051.488 1051.636 1050.828 1050.520 1050.188 1049.480 1047.896 1047.316 1046.512 1045.832 1045.236 1047.416 1047.528 1048.196 1047.948 1047.092 1045.816 1045.624 1045.380 1044.100 1037.460 1035.984 1035.040 1034.460 1033.992 1033.892 1033.452 1033.112 1034.516 1034.448 1038.560 1043.336 1044.424 1043.196 1041.592 1040.304 1040.468 1039.428 1038.460 1031.288 1030.436 1030.544 1042.596 1045.444 1043.688 1031.668 1028.464 1030.908 1029.660 1030.200
1045.128 1045.332 1046.668 1048.880 1050.416 1051.356 1051.532 1051.560 1051.364 1050.080 1049.316 1048.416 1047.224 1046.400 1045.880 1045.172 1044.344 1045.352 1048.552 1048.076 1047.548 1046.136 1045.384 1045.268 1044.812 1040.316 1037.672 1037.328 1035.108 1034.868 1034.388 1035.344 1036.196 1036.492 1034.264 1032.208 1037.188 1042.524 1043.148 1042.616 1040.268 1039.600 1039.968 1040.176 1038.500 1032.184 1031.512 1030.908 1032.816 1039.980 1031.032 1030.404 1028.788 1029.936 1030.032 1029.352
