experiments/testC_Zambezi-Barotse/Barotse_500m_MERIT/results_Barotse/res_SGC.dem
ncols         347
nrows         584
xllcorner     675000.000000
yllcorner     8162500.000000
cellsize      500.000000
NODATA_value  -9999.000000
[rows 144 to 167 of 584, columns 112 to 167 of 347]
1028.480 1029.572 1029.296 1027.908 1027.408 1027.600 1027.932 1028.232 1028.388 1028.200 1029.184 1029.544 1028.512 1027.628 1028.116 1028.648 1045.252 1046.028 1048.292 1050.240 1050.412 1051.028 1051.824 1051.216 1052.520 1053.076 1053.432 1053.440 1053.864 1054.476 1055.084 1056.176 1056.308 1056.824 1056.936 1056.936 1055.472 1054.300 1051.480 1048.388 1043.900 1038.204 1041.324 1045.916 1048.560 1046.892 1046.080 1048.008 1048.792 1050.424 1049.836 1048.040 1048.640 1050.332 1050.624 1050.368
1027.768 1028.076 1028.492 1027.632 1027.100 1027.352 1027.332 1027.564 1027.444 1027.684 1028.064 1028.740 1028.540 1027.572 1028.364 1030.380 1046.144 1047.276 1049.696 1051.588 1051.944 1052.076 1053.136 1053.608 1053.984 1054.356 1054.240 1054.644 1055.184 1056.092 1057.236 1058.268 1058.500 1058.600 1058.352 1057.492 1056.416 1054.432 1051.348 1047.840 1046.392 1041.356 1037.920 1043.944 1046.456 1044.428 1046.580 1047.704 1048.280 1049.900 1049.264 1045.128 1043.776 1045.220 1045.800 1045.600
1027.832 1029.072 1028.476 1027.456 1027.012 1027.104 1027.260 1029.496 1028.552 1027.420 1027.700 1028.440 1027.936 1027.280 1027.876 1034.928 1047.508 1051.072 1052.308 1052.436 1052.940 1053.212 1053.260 1054.280 1054.880 1055.956 1056.164 1056.092 1056.108 1057.016 1058.212 1058.808 1059.348 1059.604 1059.732 1058.052 1056.980 1054.956 1052.712 1051.944 1050.132 1043.616 1037.092 1041.180 1042.604 1044.968 1046.960 1047.568 1047.324 1046.980 1046.780 1043.000 1042.268 1041.952 1041.556 1041.136
1027.520 1028.412 1028.136 1027.776 1027.348 1027.260 1026.952 1027.688 1027.520 1027.372 1027.704 1027.688 1027.444 1027.444 1029.708 1039.748 1047.472 1052.844 1054.104 1054.068 1054.472 1054.532 1054.768 1055.216 1055.320 1056.568 1056.916 1057.352 1057.056 1057.080 1057.920 1059.112 1059.684 1060.000 1059.840 1058.588 1057.552 1056.728 1055.980 1054.580 1052.468 1046.432 1036.588 1039.792 1042.280 1045.504 1045.064 1044.280 1042.892 1041.652 1041.412 1041.580 1041.604 1041.368 1041.460 1041.756
1027.624 1028.084 1028.104 1028.244 1027.584 1027.244 1026.904 1027.244 1027.136 1027.380 1027.432 1027.624 1027.484 1028.188 1033.644 1043.992 1048.656 1053.444 1054.872 1054.992 1055.192 1055.152 1055.516 1056.696 1056.456 1057.044 1057.400 1057.648 1057.432 1057.416 1057.692 1058.596 1059.480 1059.780 1060.072 1060.204 1058.904 1056.760 1056.164 1056.028 1053.172 1048.776 1036.272 1039.368 1040.804 1040.256 1039.920 1039.456 1038.924 1039.500 1040.348 1041.580 1041.600 1041.168 1041.164 1041.244
1027.500 1027.608 1028.004 1027.552 1027.324 1027.056 1026.892 1027.508 1027.624 1027.544 1027.268 1027.512 1027.408 1027.812 1036.844 1046.008 1049.304 1054.208 1053.840 1054.488 1054.868 1055.648 1056.164 1056.320 1056.660 1056.964 1057.540 1057.484 1057.188 1056.896 1057.068 1057.932 1057.928 1058.640 1059.628 1060.008 1060.308 1057.844 1055.488 1054.524 1051.616 1046.864 1036.360 1036.416 1038.000 1038.128 1037.896 1038.520 1039.004 1039.268 1039.532 1040.952 1041.096 1040.528 1040.340 1040.336
1026.524 1027.100 1026.952 1026.948 1026.852 1026.852 1026.904 1027.204 1027.132 1027.392 1027.700 1027.220 1026.644 1028.636 1037.868 1047.396 1049.268 1052.076 1053.680 1054.540 1054.804 1054.976 1055.600 1056.012 1056.376 1056.908 1057.092 1057.240 1056.788 1055.776 1055.672 1056.064 1055.896 1056.512 1057.216 1057.920 1059.092 1057.572 1054.292 1052.724 1049.948 1046.512 1036.560 1036.520 1037.520 1037.900 1038.180 1038.232 1038.912 1039.088 1039.360 1040.612 1040.504 1040.220 1039.956 1040.056
1026.284 1026.644 1026.648 1026.712 1026.584 1026.712 1026.812 1027.168 1026.964 1027.296 1027.200 1026.924 1026.672 1029.440 1034.428 1045.132 1048.200 1049.856 1052.416 1053.904 1053.848 1054.284 1055.376 1055.408 1056.388 1056.568 1056.440 1056.048 1055.520 1054.756 1054.712 1054.664 1054.276 1054.308 1055.880 1056.688 1057.596 1055.384 1052.456 1051.688 1049.772 1045.852 1035.652 1036.700 1037.732 1037.956 1038.076 1038.768 1039.248 1039.496 1039.248 1040.304 1040.268 1039.920 1039.948 1040.560
1026.316 1026.520 1026.588 1026.660 1026.428 1026.476 1026.584 1026.616 1027.240 1027.332 1026.852 1026.596 1026.456 1029.936 1037.972 1043.852 1044.864 1045.480 1044.232 1051.084 1052.780 1054.084 1055.292 1054.960 1055.468 1055.204 1054.024 1053.104 1053.116 1052.780 1053.692 1053.292 1052.872 1053.724 1055.292 1054.940 1054.628 1053.144 1051.696 1050.920 1049.336 1045.156 1035.772 1036.284 1037.476 1037.696 1038.156 1038.632 1039.224 1039.436 1039.616 1040.216 1040.200 1039.760 1039.784 1039.872
1026.216 1026.308 1026.060 1026.532 1026.740 1026.372 1026.648 1026.528 1026.664 1026.764 1026.420 1026.472 1026.728 1033.160 1041.524 1044.932 1045.828 1047.020 1045.856 1049.320 1050.712 1051.700 1051.624 1052.232 1052.128 1051.644 1050.992 1051.628 1051.724 1051.396 1052.496 1052.028 1052.352 1053.156 1051.428 1051.052 1051.916 1051.780 1051.320 1050.848 1047.992 1041.548 1035.388 1036.196 1037.072 1037.560 1038.004 1038.452 1038.768 1039.220 1040.060 1040.268 1040.164 1039.412 1039.520 1040.324
1026.156 1026.032 1025.924 1026.260 1026.536 1026.336 1026.568 1026.528 1026.524 1026.376 1027.208 1026.472 1027.060 1031.544 1041.396 1045.044 1045.648 1046.852 1048.108 1049.784 1049.640 1050.116 1050.092 1050.688 1050.796 1049.908 1049.696 1049.940 1048.664 1047.756 1049.636 1049.548 1048.412 1040.864 1041.992 1043.924 1046.112 1047.960 1049.176 1048.440 1044.580 1034.588 1035.124 1036.380 1036.956 1037.252 1037.612 1038.188 1038.648 1038.504 1039.288 1040.168 1039.772 1039.100 1038.736 1039.780
1026.064 1025.904 1026.128 1026.100 1026.196 1026.344 1026.336 1026.092 1026.176 1026.192 1026.580 1026.548 1026.196 1030.472 1039.236 1045.248 1047.944 1048.668 1048.136 1048.624 1048.888 1048.872 1048.676 1049.212 1049.048 1048.472 1048.908 1048.352 1046.888 1047.536 1048.376 1047.660 1044.392 1040.252 1040.076 1041.628 1042.864 1044.736 1044.568 1042.980 1036.556 1034.472 1035.012 1036.244 1037.036 1037.256 1037.784 1038.216 1038.328 1038.508 1038.684 1039.560 1039.236 1038.644 1038.628 1038.884
1026.388 1026.296 1025.872 1025.920 1026.064 1026.384 1026.292 1026.052 1026.032 1026.252 1026.580 1026.632 1026.232 1031.968 1038.292 1045.004 1046.532 1047.328 1047.392 1047.392 1047.064 1046.360 1046.824 1047.340 1046.880 1046.508 1046.532 1045.800 1045.596 1046.336 1045.492 1042.892 1042.556 1039.776 1037.324 1037.776 1039.608 1039.260 1041.100 1039.628 1033.836 1034.604 1035.004 1036.232 1036.508 1036.936 1037.164 1037.656 1037.916 1038.292 1038.320 1038.468 1038.388 1038.744 1038.984 1038.580
1026.200 1026.352 1025.836 1025.904 1026.140 1026.336 1026.020 1026.180 1026.108 1026.184 1025.904 1026.292 1026.472 1033.348 1037.912 1043.252 1044.992 1045.616 1046.548 1045.892 1045.568 1044.956 1044.384 1044.792 1044.192 1044.672 1043.844 1042.968 1042.908 1042.448 1039.108 1038.224 1041.548 1040.588 1038.100 1039.368 1040.188 1039.732 1037.416 1033.664 1034.240 1034.540 1034.992 1035.752 1036.348 1036.648 1036.912 1037.196 1037.636 1037.676 1037.644 1037.916 1038.232 1038.596 1038.224 1037.464
1025.940 1026.228 1025.944 1025.920 1026.056 1026.060 1026.204 1026.724 1026.320 1026.280 1026.328 1026.340 1028.160 1034.032 1038.036 1041.492 1042.332 1042.440 1043.352 1044.680 1045.364 1044.468 1044.272 1041.924 1040.172 1038.740 1037.252 1039.632 1039.536 1037.820 1036.396 1039.052 1039.520 1038.664 1038.360 1038.744 1038.680 1036.076 1032.024 1033.156 1033.896 1034.060 1034.604 1035.164 1035.400 1035.784 1036.124 1036.536 1037.004 1036.828 1036.964 1037.524 1037.448 1037.516 1037.492 1036.552
1025.908 1025.848 1025.876 1025.716 1025.920 1026.052 1026.192 1026.896 1027.352 1027.900 1027.304 1029.476 1033.008 1036.672 1038.504 1039.644 1040.372 1040.796 1040.288 1039.716 1043.016 1042.500 1044.408 1040.956 1040.896 1036.740 1038.208 1038.620 1038.800 1036.580 1035.712 1038.124 1037.688 1035.668 1036.400 1036.208 1033.668 1031.908 1031.824 1033.116 1033.688 1033.736 1033.848 1034.104 1034.520 1034.792 1035.212 1035.832 1036.160 1036.300 1036.908 1037.464 1037.500 1038.028 1037.024 1036.140
1026.200 1026.040 1025.960 1025.968 1026.160 1026.304 1026.352 1026.340 1027.416 1027.648 1027.244 1031.996 1034.284 1035.396 1036.596 1039.784 1040.020 1040.400 1038.140 1036.704 1040.620 1040.820 1040.064 1038.328 1038.660 1035.632 1036.820 1038.056 1038.168 1036.660 1035.652 1036.544 1034.024 1032.056 1031.620 1031.364 1031.340 1032.380 1032.488 1033.296 1033.624 1033.416 1033.552 1033.976 1034.356 1034.204 1034.556 1035.084 1035.612 1036.256 1036.612 1037.400 1037.584 1037.588 1036.476 1035.916
1026.288 1026.108 1026.236 1026.272 1026.368 1026.160 1026.600 1026.324 1027.156 1027.552 1027.948 1032.696 1034.576 1035.360 1033.128 1039.708 1040.552 1040.320 1038.988 1037.696 1037.720 1037.404 1037.356 1037.144 1035.604 1032.212 1034.704 1035.644 1033.892 1033.488 1033.104 1034.000 1031.692 1032.128 1031.580 1032.144 1032.436 1032.652 1033.204 1033.488 1033.452 1033.604 1033.668 1034.032 1034.468 1035.032 1035.248 1036.448 1036.800 1037.100 1036.452 1037.000 1037.364 1036.756 1035.820 1035.580
1026.728 1026.824 1026.748 1026.688 1026.740 1026.404 1027.276 1026.888 1027.292 1028.088 1027.680 1032.476 1034.648 1035.372 1031.960 1038.504 1040.224 1039.984 1039.668 1037.048 1032.688 1034.676 1036.312 1033.028 1031.784 1031.104 1030.860 1031.320 1030.884 1031.108 1031.560 1032.064 1031.748 1032.324 1032.460 1032.684 1032.672 1032.812 1033.292 1033.424 1033.384 1033.992 1033.612 1033.996 1034.164 1034.532 1035.152 1035.780 1036.580 1036.268 1036.324 1036.776 1036.988 1036.140 1035.284 1035.572
1026.984 1026.768 1027.048 1026.844 1026.764 1027.284 1027.812 1028.460 1028.624 1028.952 1028.556 1033.312 1034.388 1035.052 1034.304 1037.540 1038.012 1036.416 1037.204 1034.632 1030.868 1030.652 1031.100 1030.460 1030.644 1030.600 1030.948 1031.008 1031.052 1031.492 1031.300 1031.416 1032.008 1032.064 1032.304 1032.368 1032.732 1032.724 1033.224 1033.420 1034.020 1034.316 1034.464 1034.596 1034.628 1034.988 1034.920 1034.968 1035.372 1036.012 1036.400 1036.800 1036.684 1035.320 1034.916 1035.836
1026.688 1026.912 1026.908 1026.700 1026.924 1027.992 1028.192 1028.624 1029.192 1029.224 1029.000 1030.716 1033.616 1033.044 1031.592 1030.660 1030.440 1030.608 1030.660 1030.400 1030.880 1030.012 1030.040 1030.020 1030.484 1030.508 1030.292 1030.556 1031.308 1031.260 1031.320 1031.604 1032.188 1031.960 1032.196 1032.712 1032.812 1033.320 1033.564 1033.860 1034.804 1034.680 1034.840 1035.436 1035.212 1035.168 1035.172 1035.208 1035.316 1035.876 1036.236 1036.408 1036.500 1034.628 1034.688 1035.580
1026.528 1026.808 1026.928 1026.836 1027.356 1028.068 1027.916 1028.088 1028.556 1028.912 1029.356 1029.592 1030.220 1029.468 1029.484 1029.192 1029.548 1029.036 1029.560 1029.344 1029.228 1029.404 1029.544 1029.936 1029.632 1029.972 1030.216 1030.808 1030.956 1031.208 1031.376 1031.732 1032.028 1032.160 1032.552 1032.796 1033.108 1033.540 1033.688 1033.932 1034.484 1034.972 1034.964 1035.156 1034.768 1035.192 1035.336 1035.368 1035.480 1035.692 1035.740 1035.936 1034.980 1033.592 1034.500 1035.068
1026.704 1026.856 1026.928 1026.884 1027.148 1027.420 1027.740 1027.884 1028.376 1028.652 1029.068 1029.068 1029.164 1028.736 1028.536 1028.780 1028.856 1028.796 1028.920 1029.316 1029.340 1029.348 1029.404 1029.352 1029.208 1029.816 1030.516 1030.980 1031.360 1031.500 1031.544 1032.228 1032.280 1032.488 1032.500 1032.708 1032.688 1033.228 1033.388 1033.600 1033.964 1034.416 1034.788 1034.688 1034.776 1035.120 1035.284 1034.968 1035.420 1035.312 1034.828 1035.060 1033.772 1033.476 1034.560 1034.764
1026.716 1026.760 1026.852 1026.620 1026.868 1027.400 1027.584 1027.528 1028.048 1028.432 1028.600 1028.672 1028.436 1028.768 1028.572 1028.700 1028.748 1028.532 1028.652 1028.896 1029.144 1029.288 1028.904 1028.336 1028.604 1029.200 1030.276 1030.788 1031.096 1031.540 1031.792 1031.896 1032.116 1032.308 1032.256 1032.492 1032.788 1032.792 1032.616 1032.504 1033.308 1033.540 1033.416 1033.596 1033.676 1033.884 1034.272 1034.424 1034.516 1034.352 1034.040 1033.880 1033.700 1034.352 1034.600 1034.892
