experiments/testC_Zambezi-Barotse/Barotse_500m_MERIT/results_Barotse/res_SGC.dem
ncols         347
nrows         584
xllcorner     675000.000000
yllcorner     8162500.000000
cellsize      500.000000
NODATA_value  -9999.000000
[rows 72 to 95 of 584, columns 112 to 167 of 347]
1028.132 1028.740 1029.120 1028.016 1028.124 1029.096 1028.304 1028.804 1028.284 1027.872 1028.984 1030.880 1030.160 1029.168 1028.588 1028.688 1029.336 1029.476 1031.284 1029.580 1029.272 1040.236 1048.932 1057.600 1058.084 1058.552 1057.872 1057.704 1058.596 1058.228 1056.884 1056.172 1056.340 1055.984 1055.872 1057.036 1057.612 1059.260 1060.924 1060.820 1060.996 1062.284 1062.492 1061.484 1062.328 1062.936 1062.564 1063.404 1064.844 1064.520 1064.652 1064.732 1064.816 1064.384 1063.664 1063.308
1029.264 1028.556 1028.796 1028.984 1028.344 1029.240 1028.496 1028.276 1028.512 1028.076 1028.676 1029.120 1029.392 1029.148 1027.716 1029.532 1029.068 1029.204 1030.032 1029.512 1029.272 1041.220 1053.452 1056.056 1056.948 1057.580 1057.008 1056.196 1058.204 1057.740 1056.428 1055.776 1055.936 1056.244 1055.936 1057.016 1058.444 1059.488 1061.020 1061.604 1061.472 1061.796 1059.816 1060.048 1061.808 1062.344 1063.056 1063.208 1063.368 1062.936 1061.984 1061.976 1063.148 1063.792 1064.084 1064.684
1029.544 1029.004 1028.756 1028.944 1028.916 1028.744 1028.440 1028.808 1027.484 1028.488 1027.352 1027.080 1027.008 1029.128 1027.028 1028.984 1029.192 1029.256 1029.144 1028.976 1030.336 1044.128 1055.640 1056.320 1056.260 1057.096 1056.852 1055.612 1056.624 1056.060 1055.764 1056.428 1056.084 1055.968 1056.548 1057.704 1058.280 1059.056 1059.808 1061.216 1061.180 1062.124 1060.604 1060.424 1061.528 1061.904 1062.332 1062.252 1062.180 1062.076 1061.764 1061.824 1063.428 1064.388 1064.792 1064.380
1029.652 1030.116 1029.340 1029.552 1029.108 1029.388 1028.884 1028.544 1028.404 1028.160 1029.132 1027.708 1027.736 1026.976 1027.260 1029.344 1029.152 1029.076 1029.712 1029.972 1032.964 1046.116 1054.372 1056.384 1057.276 1057.788 1057.228 1055.712 1055.492 1054.580 1055.824 1056.024 1055.192 1055.364 1056.884 1057.224 1057.824 1058.336 1057.844 1060.748 1061.460 1061.720 1061.208 1060.408 1060.548 1061.768 1061.364 1061.704 1062.240 1061.972 1061.260 1061.540 1063.132 1064.624 1064.928 1063.872
1030.060 1029.708 1029.428 1029.744 1029.992 1029.644 1029.132 1029.048 1030.476 1030.180 1029.792 1027.768 1027.720 1026.608 1026.872 1029.084 1028.816 1030.352 1031.864 1031.956 1034.924 1043.168 1051.400 1056.712 1058.200 1058.004 1056.828 1057.488 1057.596 1055.872 1056.756 1056.972 1055.120 1054.536 1056.424 1057.212 1057.076 1058.172 1058.604 1060.032 1060.952 1061.456 1060.656 1059.804 1059.288 1059.932 1057.484 1058.272 1059.224 1060.260 1059.912 1062.256 1063.580 1064.572 1065.096 1063.324
1030.368 1029.976 1029.824 1029.460 1029.824 1029.312 1029.636 1029.464 1029.852 1030.420 1029.728 1029.132 1028.272 1028.580 1027.304 1029.160 1031.112 1031.940 1032.228 1033.172 1034.676 1045.176 1056.036 1057.296 1057.404 1057.076 1057.936 1057.960 1057.868 1057.508 1057.272 1056.604 1056.244 1054.904 1055.868 1056.556 1056.980 1058.840 1059.492 1059.632 1060.436 1060.952 1060.236 1058.340 1055.656 1055.944 1058.880 1060.240 1061.592 1061.696 1062.112 1062.960 1063.912 1064.208 1064.332 1063.656
1030.556 1030.416 1030.508 1029.308 1029.012 1029.528 1029.524 1029.488 1029.212 1029.328 1029.316 1029.116 1029.600 1029.912 1026.636 1030.044 1032.024 1031.800 1032.932 1032.972 1035.280 1050.380 1055.740 1055.908 1056.196 1056.756 1057.392 1057.340 1057.132 1057.284 1057.008 1056.896 1057.100 1056.164 1054.580 1055.872 1056.944 1058.292 1058.936 1058.676 1059.720 1059.336 1057.308 1054.180 1055.852 1058.772 1060.028 1060.780 1061.440 1061.724 1062.508 1063.132 1063.236 1063.440 1063.820 1065.264
1029.900 1029.876 1029.720 1029.680 1029.604 1029.840 1029.660 1029.668 1029.152 1028.708 1028.984 1029.736 1030.268 1031.080 1027.272 1028.756 1031.648 1032.920 1033.612 1032.580 1037.912 1052.452 1055.440 1055.740 1055.944 1056.152 1056.304 1056.080 1056.856 1056.728 1056.496 1057.644 1058.312 1056.336 1055.180 1056.320 1057.280 1058.712 1058.828 1058.088 1057.600 1057.300 1053.568 1057.884 1059.508 1060.020 1060.564 1061.084 1061.448 1061.840 1062.612 1063.384 1063.620 1064.604 1065.304 1065.824
1029.700 1029.784 1029.932 1029.956 1029.940 1030.084 1029.580 1029.436 1029.096 1028.568 1028.560 1029.428 1029.928 1032.632 1031.008 1026.708 1029.876 1034.008 1033.708 1033.128 1039.796 1051.392 1053.692 1054.772 1055.068 1055.972 1055.516 1054.376 1055.864 1056.240 1056.412 1056.936 1058.160 1056.296 1054.236 1056.704 1057.632 1058.644 1058.396 1057.232 1055.140 1053.188 1054.500 1057.536 1058.364 1059.080 1060.260 1061.020 1060.796 1062.080 1062.772 1064.032 1064.780 1065.184 1065.164 1065.844
1029.876 1029.716 1029.600 1029.856 1029.564 1029.760 1029.496 1029.004 1028.984 1028.512 1028.576 1029.112 1029.700 1031.588 1031.984 1028.888 1026.700 1029.572 1032.728 1039.340 1052.780 1055.648 1055.692 1055.376 1056.404 1055.380 1054.764 1053.856 1054.512 1056.376 1056.076 1057.192 1057.728 1055.344 1054.044 1057.700 1059.096 1058.932 1057.472 1053.084 1055.728 1057.248 1058.880 1059.732 1059.788 1060.388 1061.140 1061.448 1061.464 1062.428 1062.684 1063.832 1065.036 1064.652 1064.692 1066.036
1029.604 1029.656 1029.508 1029.492 1029.248 1029.428 1029.052 1028.660 1028.576 1028.776 1028.460 1029.328 1029.132 1030.032 1031.232 1029.960 1027.016 1027.336 1032.664 1040.120 1051.416 1055.832 1057.504 1057.708 1057.436 1057.148 1056.152 1056.492 1056.400 1055.800 1055.536 1056.864 1056.424 1054.180 1054.684 1058.820 1059.336 1056.376 1052.416 1055.296 1059.060 1059.172 1059.732 1060.744 1061.132 1061.116 1061.664 1061.920 1062.236 1062.952 1062.604 1063.608 1064.924 1065.240 1065.668 1064.800
1030.068 1029.864 1030.076 1029.716 1029.836 1029.128 1028.804 1028.296 1028.208 1028.548 1028.568 1029.804 1029.120 1030.156 1030.420 1029.872 1028.264 1026.264 1029.240 1035.684 1044.060 1054.420 1056.316 1056.692 1057.456 1057.888 1057.324 1057.384 1056.928 1055.780 1053.832 1052.524 1050.072 1055.088 1057.844 1059.360 1053.876 1051.628 1056.736 1059.112 1059.324 1059.436 1059.744 1061.216 1061.536 1061.780 1062.188 1062.608 1062.256 1063.516 1063.604 1062.936 1064.728 1065.264 1066.124 1064.660
1030.192 1030.072 1030.024 1029.936 1030.188 1029.288 1028.796 1028.276 1028.012 1028.360 1028.644 1029.504 1028.212 1029.204 1031.372 1030.456 1028.260 1027.480 1026.516 1031.440 1039.764 1049.188 1054.340 1055.212 1057.356 1058.152 1057.568 1056.956 1055.872 1054.724 1052.716 1049.588 1055.280 1058.276 1059.228 1058.396 1051.912 1052.740 1056.732 1058.192 1058.832 1060.324 1060.852 1061.248 1061.544 1062.456 1063.148 1063.032 1062.828 1063.584 1063.004 1061.920 1064.164 1065.228 1065.808 1065.912
1029.952 1029.628 1029.680 1029.468 1032.140 1031.108 1028.860 1028.404 1028.260 1028.132 1028.700 1028.320 1028.352 1029.460 1031.088 1032.032 1030.324 1027.936 1026.156 1027.980 1036.956 1041.908 1054.144 1056.028 1056.732 1057.764 1057.196 1054.912 1053.104 1049.148 1047.556 1055.176 1058.052 1059.336 1059.524 1058.136 1049.564 1056.196 1057.884 1058.172 1058.828 1060.520 1061.068 1061.764 1061.700 1062.560 1062.892 1062.672 1062.596 1062.768 1061.236 1061.008 1062.540 1065.416 1065.624 1064.276
1029.764 1029.420 1029.552 1030.584 1032.892 1032.232 1030.160 1028.508 1028.892 1028.488 1028.408 1028.048 1027.796 1028.928 1030.256 1031.960 1031.336 1029.312 1027.240 1025.760 1032.084 1040.028 1053.564 1056.404 1056.788 1057.100 1055.456 1052.696 1049.344 1052.148 1053.888 1057.716 1058.960 1058.860 1059.096 1058.872 1051.824 1051.336 1057.792 1058.944 1058.808 1060.308 1061.080 1061.848 1062.248 1062.368 1062.784 1062.524 1063.008 1061.760 1060.776 1060.788 1062.884 1064.540 1065.048 1064.340
1029.624 1029.436 1029.620 1029.496 1029.940 1030.052 1028.712 1028.824 1029.868 1029.948 1028.384 1027.644 1027.292 1029.068 1029.656 1030.424 1031.316 1029.764 1027.704 1026.376 1026.152 1036.200 1052.520 1055.156 1054.604 1055.512 1054.492 1051.328 1048.876 1054.536 1056.384 1056.504 1058.796 1058.456 1058.548 1059.180 1056.492 1048.812 1054.876 1058.204 1058.628 1059.696 1060.112 1061.200 1061.012 1060.988 1062.632 1061.912 1063.648 1062.612 1060.288 1061.452 1063.428 1064.032 1064.080 1062.300
1029.712 1029.504 1029.620 1029.704 1029.368 1028.476 1031.004 1031.052 1029.472 1029.352 1029.368 1028.324 1027.328 1027.388 1027.580 1029.260 1031.368 1029.452 1028.612 1027.448 1025.924 1046.320 1052.696 1053.504 1053.172 1054.900 1054.616 1052.048 1047.340 1052.224 1056.932 1055.892 1057.840 1058.644 1058.816 1059.456 1058.316 1051.340 1051.492 1058.172 1058.512 1059.048 1060.028 1060.512 1060.920 1060.968 1061.824 1061.704 1063.608 1062.856 1060.656 1060.620 1061.084 1062.016 1062.100 1061.396
1029.460 1029.260 1029.180 1029.308 1029.744 1031.468 1031.624 1029.276 1029.020 1028.632 1028.716 1029.056 1027.760 1028.188 1028.300 1029.064 1028.068 1028.932 1029.884 1027.648 1028.168 1049.768 1053.500 1053.936 1054.164 1054.296 1052.804 1046.976 1047.712 1052.704 1057.244 1057.176 1058.372 1058.684 1059.456 1059.948 1058.212 1053.232 1047.292 1057.624 1058.284 1058.864 1059.892 1060.636 1061.324 1061.688 1062.236 1062.252 1063.796 1063.516 1061.532 1061.100 1061.364 1063.660 1063.856 1063.596
1029.448 1029.156 1028.668 1029.096 1030.220 1029.776 1030.480 1028.348 1028.984 1029.016 1028.116 1028.756 1027.536 1028.244 1027.868 1027.680 1027.624 1028.240 1029.244 1029.048 1030.216 1052.764 1054.452 1054.420 1052.320 1049.316 1044.824 1048.744 1052.928 1055.072 1057.036 1057.896 1058.320 1058.004 1058.532 1059.344 1058.700 1056.572 1051.744 1055.896 1055.876 1058.368 1059.700 1060.496 1061.264 1062.180 1062.644 1062.304 1063.716 1063.936 1062.872 1061.052 1062.948 1063.388 1063.768 1064.244
1029.588 1029.564 1028.892 1028.696 1028.928 1029.120 1027.936 1027.876 1028.344 1028.756 1027.900 1026.776 1027.384 1027.980 1028.204 1027.632 1027.272 1028.420 1028.356 1027.828 1027.844 1052.612 1054.412 1052.108 1048.128 1043.916 1049.268 1053.336 1055.376 1056.236 1057.080 1057.708 1058.648 1057.596 1057.148 1058.364 1058.424 1058.552 1053.612 1050.924 1056.200 1057.580 1059.700 1060.952 1061.768 1061.752 1061.872 1062.592 1063.212 1063.460 1063.292 1061.968 1062.912 1063.132 1063.932 1064.308
1029.088 1029.212 1028.860 1028.144 1028.464 1028.640 1029.732 1030.344 1028.128 1028.516 1027.564 1028.504 1029.204 1028.712 1027.672 1027.492 1027.172 1028.480 1028.240 1027.136 1025.588 1050.768 1052.296 1049.584 1043.152 1048.068 1052.988 1054.020 1054.604 1055.840 1056.868 1056.804 1056.436 1055.052 1056.500 1058.272 1058.240 1058.000 1055.644 1051.864 1055.752 1057.492 1057.436 1058.120 1061.468 1061.484 1061.536 1061.732 1062.892 1063.100 1063.112 1062.352 1062.164 1063.688 1063.852 1064.232
1028.776 1028.852 1029.084 1028.476 1027.764 1027.392 1028.484 1030.848 1028.708 1028.148 1027.828 1027.744 1029.324 1028.456 1028.188 1027.504 1027.268 1028.596 1027.140 1026.028 1026.340 1050.340 1052.972 1048.556 1042.444 1050.128 1054.016 1053.764 1052.916 1053.736 1056.000 1056.764 1055.672 1054.572 1057.096 1058.120 1057.144 1057.912 1056.756 1050.172 1055.964 1056.712 1057.180 1056.200 1060.868 1061.464 1061.384 1061.864 1062.328 1062.404 1062.508 1063.008 1061.972 1063.428 1062.904 1062.956
1028.412 1028.468 1028.468 1028.764 1028.376 1027.728 1028.756 1030.584 1029.196 1028.528 1028.196 1027.440 1027.336 1027.440 1028.048 1027.752 1027.516 1028.860 1025.412 1025.816 1026.868 1048.292 1051.124 1049.624 1042.452 1043.784 1049.324 1051.548 1052.740 1052.740 1050.156 1052.952 1052.496 1053.240 1054.384 1054.788 1055.096 1054.836 1051.488 1052.508 1056.692 1058.064 1058.596 1057.580 1060.064 1061.504 1061.408 1061.904 1061.348 1062.556 1061.932 1060.684 1061.856 1062.924 1062.220 1060.584
1028.068 1028.056 1028.256 1028.524 1028.360 1027.572 1028.532 1028.724 1028.812 1028.332 1028.324 1028.404 1027.080 1026.928 1027.776 1027.736 1027.764 1026.868 1025.132 1025.388 1028.028 1038.380 1039.512 1045.544 1045.884 1038.856 1043.004 1046.748 1050.816 1051.500 1046.372 1043.568 1041.108 1041.992 1045.216 1043.976 1045.324 1049.536 1051.660 1057.872 1057.804 1059.248 1059.720 1058.924 1056.208 1060.896 1061.764 1060.644 1059.388 1062.164 1060.216 1057.572 1061.796 1062.352 1062.780 1061.912
